19,5,522,340,25,55,1,-1,-1,-1
21,5,521,340,25,55,1,-1,-1,-1
25,7,497,286,23,36,1,-1,-1,-1
30,7,493,281,23,38,1,-1,-1,-1
31,7,491,279,24,39,1,-1,-1,-1
32,7,491,280,23,38,1,-1,-1,-1
33,7,490,279,23,38,1,-1,-1,-1
44,5,521,356,24,52,1,-1,-1,-1
44,7,488,278,24,39,1,-1,-1,-1
45,5,521,358,24,52,1,-1,-1,-1
45,7,477,273,28,46,1,-1,-1,-1
55,7,475,271,28,48,1,-1,-1,-1
76,7,457,274,28,47,1,-1,-1,-1
78,7,453,275,28,46,1,-1,-1,-1
79,7,452,274,27,46,1,-1,-1,-1
80,7,451,273,27,47,1,-1,-1,-1
83,7,447,273,27,46,1,-1,-1,-1
84,7,446,274,26,45,1,-1,-1,-1
97,7,443,273,26,45,1,-1,-1,-1
99,11,59,253,16,45,1,-1,-1,-1
100,11,57,254,16,44,1,-1,-1,-1
101,11,55,255,16,43,1,-1,-1,-1
102,11,55,255,16,43,1,-1,-1,-1
103,7,426,265,26,46,1,-1,-1,-1
103,11,53,255,16,44,1,-1,-1,-1
104,7,426,264,25,47,1,-1,-1,-1
104,11,52,256,16,43,1,-1,-1,-1
106,7,423,263,26,47,1,-1,-1,-1
106,11,47,257,16,42,1,-1,-1,-1
107,11,46,257,15,43,1,-1,-1,-1
108,12,592,254,34,61,1,-1,-1,-1
116,12,592,254,34,61,1,-1,-1,-1
141,17,91,383,34,58,1,-1,-1,-1
158,17,87,374,36,62,1,-1,-1,-1
169,17,92,367,35,59,1,-1,-1,-1
172,17,95,361,34,60,1,-1,-1,-1
173,17,96,358,34,61,1,-1,-1,-1
174,17,98,357,34,59,1,-1,-1,-1
181,17,106,352,34,59,1,-1,-1,-1
184,17,115,350,33,57,1,-1,-1,-1
185,17,119,349,32,56,1,-1,-1,-1
187,17,122,346,32,56,1,-1,-1,-1
189,18,84,215,23,67,1,-1,-1,-1
190,17,141,345,32,57,1,-1,-1,-1
190,18,86,215,23,67,1,-1,-1,-1
191,17,143,345,32,57,1,-1,-1,-1
191,18,86,215,24,67,1,-1,-1,-1
192,17,147,343,32,58,1,-1,-1,-1
192,18,91,216,23,67,1,-1,-1,-1
193,7,318,272,28,49,1,-1,-1,-1
193,18,93,216,24,67,1,-1,-1,-1
194,7,313,273,28,49,1,-1,-1,-1
194,18,97,216,23,67,1,-1,-1,-1
195,18,99,214,25,74,1,-1,-1,-1
196,18,100,214,25,74,1,-1,-1,-1
197,18,101,214,24,74,1,-1,-1,-1
198,18,102,213,25,74,1,-1,-1,-1
199,18,103,212,25,76,1,-1,-1,-1
200,17,188,337,33,58,1,-1,-1,-1
200,18,105,212,25,75,1,-1,-1,-1
201,17,193,337,33,57,1,-1,-1,-1
201,18,106,211,25,76,1,-1,-1,-1
202,17,199,338,32,56,1,-1,-1,-1
202,18,112,213,23,71,1,-1,-1,-1
203,12,393,224,32,61,1,-1,-1,-1
203,17,202,339,30,54,1,-1,-1,-1
203,18,114,213,22,71,1,-1,-1,-1
208,12,387,223,32,61,1,-1,-1,-1
208,17,206,338,30,54,1,-1,-1,-1
208,18,122,212,22,70,1,-1,-1,-1
209,18,125,212,22,69,1,-1,-1,-1
210,17,231,342,29,52,1,-1,-1,-1
210,18,128,211,22,70,1,-1,-1,-1
213,5,422,224,25,60,1,-1,-1,-1
213,17,237,341,29,52,1,-1,-1,-1
214,5,420,220,25,61,1,-1,-1,-1
214,18,138,216,21,65,1,-1,-1,-1
215,18,140,216,21,66,1,-1,-1,-1
224,7,293,324,30,58,1,-1,-1,-1
224,18,143,217,21,65,1,-1,-1,-1
225,7,296,325,31,60,1,-1,-1,-1
226,7,301,326,31,61,1,-1,-1,-1
227,7,303,327,31,61,1,-1,-1,-1
229,7,309,331,32,60,1,-1,-1,-1
235,7,310,333,32,61,1,-1,-1,-1
239,24,412,284,29,57,1,-1,-1,-1
240,17,351,327,33,59,1,-1,-1,-1
240,24,415,283,29,57,1,-1,-1,-1
241,17,357,326,32,59,1,-1,-1,-1
241,24,420,284,28,55,1,-1,-1,-1
242,17,363,326,31,59,1,-1,-1,-1
242,24,422,284,28,54,1,-1,-1,-1
243,17,368,327,31,61,1,-1,-1,-1
246,17,376,326,31,62,1,-1,-1,-1
246,24,438,286,31,60,1,-1,-1,-1
247,12,255,228,30,62,1,-1,-1,-1
247,24,443,286,30,60,1,-1,-1,-1
248,12,248,229,30,62,1,-1,-1,-1
248,17,384,324,31,62,1,-1,-1,-1
249,12,254,229,29,61,1,-1,-1,-1
249,17,387,323,32,63,1,-1,-1,-1
249,24,450,286,31,61,1,-1,-1,-1
250,12,255,229,28,61,1,-1,-1,-1
250,17,394,322,32,63,1,-1,-1,-1
250,24,454,286,31,60,1,-1,-1,-1
251,12,255,229,29,61,1,-1,-1,-1
251,24,455,286,32,61,1,-1,-1,-1
252,12,257,229,27,61,1,-1,-1,-1
252,17,395,322,31,60,1,-1,-1,-1
252,18,222,255,21,54,1,-1,-1,-1
252,24,459,285,31,58,1,-1,-1,-1
253,12,253,229,28,61,1,-1,-1,-1
253,17,400,322,31,59,1,-1,-1,-1
253,18,227,257,20,54,1,-1,-1,-1
253,24,463,285,31,61,1,-1,-1,-1
254,17,400,323,32,59,1,-1,-1,-1
254,24,467,286,31,60,1,-1,-1,-1
256,17,405,323,32,59,1,-1,-1,-1
256,24,477,287,31,61,1,-1,-1,-1
257,24,481,287,30,61,1,-1,-1,-1
258,5,449,219,20,52,1,-1,-1,-1
258,24,485,287,30,62,1,-1,-1,-1
259,5,451,219,20,52,1,-1,-1,-1
259,17,418,320,32,61,1,-1,-1,-1
259,24,488,287,30,62,1,-1,-1,-1
260,5,452,220,20,51,1,-1,-1,-1
260,12,266,229,24,53,1,-1,-1,-1
260,17,422,318,32,62,1,-1,-1,-1
260,24,492,286,30,63,1,-1,-1,-1
261,5,453,220,19,51,1,-1,-1,-1
261,12,265,229,24,52,1,-1,-1,-1
261,17,426,317,31,61,1,-1,-1,-1
261,24,496,285,31,64,1,-1,-1,-1
262,5,454,220,19,51,1,-1,-1,-1
262,17,431,318,30,59,1,-1,-1,-1
262,18,265,228,28,74,1,-1,-1,-1
262,24,500,285,31,63,1,-1,-1,-1
263,17,433,318,30,58,1,-1,-1,-1
263,18,267,226,29,76,1,-1,-1,-1
263,24,501,285,32,63,1,-1,-1,-1
264,17,438,318,29,58,1,-1,-1,-1
264,18,271,225,30,76,1,-1,-1,-1
264,24,505,284,32,64,1,-1,-1,-1
266,26,396,138,290,389,1,-1,-1,-1
267,26,389,123,305,412,1,-1,-1,-1
268,26,381,100,324,442,1,-1,-1,-1
269,26,379,92,329,452,1,-1,-1,-1
270,26,396,69,342,475,1,-1,-1,-1
271,26,407,58,347,487,1,-1,-1,-1
272,26,387,55,347,489,1,-1,-1,-1
273,26,394,87,322,457,1,-1,-1,-1
274,26,399,106,304,435,1,-1,-1,-1
274,32,304,287,125,206,1,-1,-1,-1
274,33,613,161,175,382,1,-1,-1,-1
275,26,401,113,297,427,1,-1,-1,-1
275,32,322,287,124,206,1,-1,-1,-1
275,33,616,163,173,380,1,-1,-1,-1
276,26,406,124,289,413,1,-1,-1,-1
276,32,348,287,124,207,1,-1,-1,-1
276,33,624,160,172,383,1,-1,-1,-1
277,26,409,126,290,413,1,-1,-1,-1
277,33,625,135,179,409,1,-1,-1,-1
278,26,419,116,300,426,1,-1,-1,-1
278,33,629,130,181,414,1,-1,-1,-1
279,26,407,91,310,446,1,-1,-1,-1
280,26,394,71,322,470,1,-1,-1,-1
281,26,390,64,324,478,1,-1,-1,-1
282,26,386,58,326,485,1,-1,-1,-1
283,26,388,91,306,453,1,-1,-1,-1
284,26,390,109,294,433,1,-1,-1,-1
285,26,390,111,296,430,1,-1,-1,-1
286,26,390,116,303,425,1,-1,-1,-1
287,26,388,118,310,422,1,-1,-1,-1
288,26,360,115,314,425,1,-1,-1,-1
289,26,346,103,307,411,1,-1,-1,-1
290,26,333,86,317,427,1,-1,-1,-1
291,26,317,73,324,443,1,-1,-1,-1
292,26,305,66,332,467,1,-1,-1,-1
293,26,302,63,332,477,1,-1,-1,-1
294,26,300,59,327,480,1,-1,-1,-1
295,26,302,64,319,467,1,-1,-1,-1
296,26,329,70,313,453,1,-1,-1,-1
297,26,322,76,305,434,1,-1,-1,-1
298,26,315,66,307,434,1,-1,-1,-1
299,26,311,62,310,435,1,-1,-1,-1
300,26,210,50,351,452,1,-1,-1,-1
301,26,190,36,378,470,1,-1,-1,-1
302,26,208,23,395,493,1,-1,-1,-1
302,33,535,132,194,390,1,-1,-1,-1
303,26,220,24,388,492,1,-1,-1,-1
303,33,522,165,204,365,1,-1,-1,-1
304,26,280,38,380,469,1,-1,-1,-1
304,33,499,140,231,391,1,-1,-1,-1
305,26,303,45,380,458,1,-1,-1,-1
305,33,488,132,246,399,1,-1,-1,-1
306,26,310,61,391,457,1,-1,-1,-1
306,33,483,130,247,402,1,-1,-1,-1
307,26,309,75,393,442,1,-1,-1,-1
308,26,377,115,369,415,1,-1,-1,-1
309,26,410,126,357,403,1,-1,-1,-1
310,26,424,133,352,397,1,-1,-1,-1
310,35,251,151,412,353,1,-1,-1,-1
311,35,255,150,422,356,1,-1,-1,-1
312,35,246,139,447,374,1,-1,-1,-1
313,35,238,129,467,388,1,-1,-1,-1
314,26,458,170,326,372,1,-1,-1,-1
314,35,222,108,494,406,1,-1,-1,-1
315,26,438,178,324,365,1,-1,-1,-1
315,35,220,104,494,402,1,-1,-1,-1
316,26,459,186,311,355,1,-1,-1,-1
316,35,217,101,499,403,1,-1,-1,-1
317,26,467,188,306,352,1,-1,-1,-1
317,35,213,101,505,403,1,-1,-1,-1
318,26,476,195,301,346,1,-1,-1,-1
318,35,220,123,496,391,1,-1,-1,-1
319,33,214,127,249,393,1,-1,-1,-1
319,35,214,128,511,397,1,-1,-1,-1
320,33,197,126,249,393,1,-1,-1,-1
320,35,208,127,526,406,1,-1,-1,-1
321,35,109,127,513,400,1,-1,-1,-1
322,35,140,129,522,394,1,-1,-1,-1
323,35,148,129,534,393,1,-1,-1,-1
324,35,145,131,545,390,1,-1,-1,-1
325,35,134,128,565,394,1,-1,-1,-1
326,35,119,123,591,406,1,-1,-1,-1
327,35,102,117,623,422,1,-1,-1,-1
328,35,99,119,628,420,1,-1,-1,-1
328,37,642,113,67,131,1,-1,-1,-1
329,35,95,119,635,420,1,-1,-1,-1
329,37,644,114,66,130,1,-1,-1,-1
330,35,100,109,632,412,1,-1,-1,-1
330,37,645,115,66,129,1,-1,-1,-1
331,26,346,119,378,410,1,-1,-1,-1
331,35,39,125,596,391,1,-1,-1,-1
331,37,644,116,65,127,1,-1,-1,-1
332,26,340,116,381,412,1,-1,-1,-1
332,35,27,137,563,370,1,-1,-1,-1
332,37,642,115,66,129,1,-1,-1,-1
333,35,17,157,511,342,1,-1,-1,-1
333,37,632,117,64,126,1,-1,-1,-1
334,35,4,188,466,320,1,-1,-1,-1
334,37,624,115,66,128,1,-1,-1,-1
335,35,-7,195,454,312,1,-1,-1,-1
335,37,622,114,66,129,1,-1,-1,-1
335,39,261,121,482,374,1,-1,-1,-1
336,37,620,114,66,130,1,-1,-1,-1
336,39,237,119,519,402,1,-1,-1,-1
337,39,230,120,534,414,1,-1,-1,-1
338,33,112,196,232,339,1,-1,-1,-1
338,39,202,118,546,422,1,-1,-1,-1
339,33,114,198,223,333,1,-1,-1,-1
339,39,196,122,535,413,1,-1,-1,-1
340,33,109,201,221,331,1,-1,-1,-1
340,39,164,120,545,418,1,-1,-1,-1
341,39,152,120,549,418,1,-1,-1,-1
342,39,143,121,554,418,1,-1,-1,-1
343,39,136,123,564,419,1,-1,-1,-1
344,33,83,201,215,324,1,-1,-1,-1
344,39,136,123,560,414,1,-1,-1,-1
345,33,64,192,231,332,1,-1,-1,-1
345,39,116,125,554,415,1,-1,-1,-1
346,33,59,178,239,332,1,-1,-1,-1
346,39,122,133,523,398,1,-1,-1,-1
347,33,47,174,260,354,1,-1,-1,-1
347,39,135,139,499,388,1,-1,-1,-1
348,33,41,172,270,362,1,-1,-1,-1
348,39,142,141,484,384,1,-1,-1,-1
349,33,35,170,272,365,1,-1,-1,-1
349,39,144,139,478,382,1,-1,-1,-1
350,39,140,144,487,392,1,-1,-1,-1
351,35,24,161,554,375,1,-1,-1,-1
351,39,135,146,486,392,1,-1,-1,-1
352,33,43,191,258,330,1,-1,-1,-1
352,35,25,160,558,378,1,-1,-1,-1
352,39,139,146,485,397,1,-1,-1,-1
353,33,39,189,269,331,1,-1,-1,-1
353,39,153,140,461,384,1,-1,-1,-1
354,33,37,190,267,329,1,-1,-1,-1
354,39,148,141,468,396,1,-1,-1,-1
355,39,149,141,466,401,1,-1,-1,-1
356,26,204,142,360,401,1,-1,-1,-1
356,33,36,180,287,342,1,-1,-1,-1
356,39,145,142,467,401,1,-1,-1,-1
357,26,189,133,386,401,1,-1,-1,-1
357,33,34,180,288,341,1,-1,-1,-1
358,26,183,133,386,401,1,-1,-1,-1
358,39,153,132,461,391,1,-1,-1,-1
359,33,25,176,309,357,1,-1,-1,-1
359,39,116,132,471,403,1,-1,-1,-1
360,26,235,132,371,402,1,-1,-1,-1
360,33,23,175,310,359,1,-1,-1,-1
360,39,110,132,472,403,1,-1,-1,-1
361,26,247,133,359,401,1,-1,-1,-1
362,26,249,133,359,401,1,-1,-1,-1
362,39,95,124,491,418,1,-1,-1,-1
363,39,48,125,476,408,1,-1,-1,-1
364,39,36,118,459,391,1,-1,-1,-1
365,39,13,118,442,380,1,-1,-1,-1
366,39,6,118,434,376,1,-1,-1,-1
367,33,1,115,364,426,1,-1,-1,-1
367,39,-5,117,431,373,1,-1,-1,-1
368,33,-23,110,353,433,1,-1,-1,-1
369,33,-3,103,362,441,1,-1,-1,-1
370,33,20,90,364,437,1,-1,-1,-1
371,33,27,83,367,436,1,-1,-1,-1
372,33,10,87,376,448,1,-1,-1,-1
373,33,3,89,380,452,1,-1,-1,-1
374,33,2,85,384,456,1,-1,-1,-1
374,37,497,111,75,168,1,-1,-1,-1
375,37,494,110,75,171,1,-1,-1,-1
376,43,422,75,36,92,1,-1,-1,-1
376,45,33,295,43,169,1,-1,-1,-1
376,46,384,373,45,126,1,-1,-1,-1
376,47,503,213,36,161,1,-1,-1,-1
376,48,227,193,40,165,1,-1,-1,-1
377,43,421,74,36,92,1,-1,-1,-1
377,45,33,294,43,170,1,-1,-1,-1
377,46,385,373,44,125,1,-1,-1,-1
377,47,502,212,38,163,1,-1,-1,-1
377,48,227,194,40,164,1,-1,-1,-1
378,45,33,294,43,170,1,-1,-1,-1
378,46,385,373,44,124,1,-1,-1,-1
378,47,503,212,37,163,1,-1,-1,-1
378,48,227,194,40,162,1,-1,-1,-1
378,51,437,217,47,151,1,-1,-1,-1
378,52,653,234,54,144,1,-1,-1,-1
379,45,33,294,42,170,1,-1,-1,-1
379,46,384,373,45,124,1,-1,-1,-1
379,47,502,212,38,163,1,-1,-1,-1
379,48,227,195,39,160,1,-1,-1,-1
379,51,437,218,47,149,1,-1,-1,-1
379,52,653,234,54,144,1,-1,-1,-1
379,53,299,191,39,148,1,-1,-1,-1
380,45,33,295,42,169,1,-1,-1,-1
380,46,384,373,45,124,1,-1,-1,-1
380,47,503,213,37,162,1,-1,-1,-1
380,48,227,195,39,161,1,-1,-1,-1
380,51,438,219,47,147,1,-1,-1,-1
380,52,653,234,53,143,1,-1,-1,-1
380,53,299,189,40,151,1,-1,-1,-1
380,54,381,203,41,151,1,-1,-1,-1
381,45,33,295,42,169,1,-1,-1,-1
381,46,384,373,45,123,1,-1,-1,-1
381,47,502,211,39,165,1,-1,-1,-1
381,48,227,193,40,165,1,-1,-1,-1
381,51,438,220,47,147,1,-1,-1,-1
381,52,653,233,54,145,1,-1,-1,-1
381,53,299,189,40,149,1,-1,-1,-1
381,54,381,204,41,151,1,-1,-1,-1
382,37,498,123,67,164,1,-1,-1,-1
382,45,33,296,41,165,1,-1,-1,-1
382,46,384,373,45,123,1,-1,-1,-1
382,47,502,212,39,165,1,-1,-1,-1
382,48,227,193,40,165,1,-1,-1,-1
382,51,442,218,47,150,1,-1,-1,-1
382,52,653,233,55,147,1,-1,-1,-1
382,53,299,188,40,150,1,-1,-1,-1
383,37,500,123,64,165,1,-1,-1,-1
383,45,33,297,40,163,1,-1,-1,-1
383,46,385,373,44,123,1,-1,-1,-1
383,47,502,212,39,165,1,-1,-1,-1
383,48,227,193,40,165,1,-1,-1,-1
383,51,444,216,48,153,1,-1,-1,-1
383,52,653,232,55,149,1,-1,-1,-1
383,57,307,95,46,164,1,-1,-1,-1
384,37,502,122,62,167,1,-1,-1,-1
384,45,33,297,40,162,1,-1,-1,-1
384,46,384,374,45,122,1,-1,-1,-1
384,47,502,212,40,166,1,-1,-1,-1
384,48,227,194,39,164,1,-1,-1,-1
384,51,445,216,48,154,1,-1,-1,-1
384,52,652,232,56,150,1,-1,-1,-1
384,54,369,112,38,142,1,-1,-1,-1
384,57,307,95,47,169,1,-1,-1,-1
385,37,502,121,60,169,1,-1,-1,-1
385,45,34,298,39,160,1,-1,-1,-1
385,46,384,374,45,122,1,-1,-1,-1
385,47,502,211,40,168,1,-1,-1,-1
385,48,227,194,39,164,1,-1,-1,-1
385,51,446,216,47,153,1,-1,-1,-1
385,52,653,234,54,146,1,-1,-1,-1
385,54,367,96,38,140,1,-1,-1,-1
386,37,504,127,55,160,1,-1,-1,-1
386,45,33,298,40,160,1,-1,-1,-1
386,46,385,375,45,121,1,-1,-1,-1
386,47,502,211,40,169,1,-1,-1,-1
386,48,227,194,39,164,1,-1,-1,-1
386,51,446,217,47,150,1,-1,-1,-1
386,52,653,234,55,146,1,-1,-1,-1
386,53,377,218,39,147,1,-1,-1,-1
386,54,367,111,39,144,1,-1,-1,-1
387,37,503,128,55,160,1,-1,-1,-1
387,45,33,298,39,161,1,-1,-1,-1
387,46,385,375,45,121,1,-1,-1,-1
387,47,502,211,40,170,1,-1,-1,-1
387,48,227,194,40,165,1,-1,-1,-1
387,51,446,218,46,149,1,-1,-1,-1
387,52,653,235,54,143,1,-1,-1,-1
387,53,382,206,41,157,1,-1,-1,-1
387,54,368,108,37,138,1,-1,-1,-1
387,57,309,98,43,156,1,-1,-1,-1
388,45,32,298,40,162,1,-1,-1,-1
388,46,385,376,45,120,1,-1,-1,-1
388,48,227,194,40,165,1,-1,-1,-1
388,51,447,218,45,149,1,-1,-1,-1
388,52,653,235,54,143,1,-1,-1,-1
388,53,384,202,42,160,1,-1,-1,-1
388,54,368,105,38,140,1,-1,-1,-1
388,57,310,98,43,156,1,-1,-1,-1
389,33,302,379,89,111,1,-1,-1,-1
389,45,32,298,39,162,1,-1,-1,-1
389,46,386,376,46,120,1,-1,-1,-1
389,48,227,194,39,163,1,-1,-1,-1
389,51,447,219,45,148,1,-1,-1,-1
389,52,653,236,54,142,1,-1,-1,-1
389,53,384,201,42,161,1,-1,-1,-1
389,54,369,105,38,138,1,-1,-1,-1
389,57,310,98,42,156,1,-1,-1,-1
390,26,387,323,155,172,1,-1,-1,-1
390,33,308,383,82,106,1,-1,-1,-1
390,45,31,298,39,161,1,-1,-1,-1
390,46,386,376,46,120,1,-1,-1,-1
390,48,227,194,39,163,1,-1,-1,-1
390,51,447,219,45,149,1,-1,-1,-1
390,52,653,236,54,142,1,-1,-1,-1
390,53,384,198,42,165,1,-1,-1,-1
390,54,369,106,39,138,1,-1,-1,-1
390,57,310,98,42,156,1,-1,-1,-1
391,26,388,325,153,169,1,-1,-1,-1
391,33,310,383,79,106,1,-1,-1,-1
391,45,31,298,39,161,1,-1,-1,-1
391,46,385,376,47,120,1,-1,-1,-1
391,48,227,194,39,163,1,-1,-1,-1
391,51,448,219,45,149,1,-1,-1,-1
391,52,653,236,54,143,1,-1,-1,-1
391,53,383,195,43,170,1,-1,-1,-1
391,54,369,107,39,137,1,-1,-1,-1
391,63,433,321,53,172,1,-1,-1,-1
392,26,392,331,146,162,1,-1,-1,-1
392,33,311,382,79,108,1,-1,-1,-1
392,45,30,298,39,161,1,-1,-1,-1
392,46,385,376,47,120,1,-1,-1,-1
392,47,508,210,40,171,1,-1,-1,-1
392,48,227,194,39,163,1,-1,-1,-1
392,51,447,217,46,153,1,-1,-1,-1
392,52,654,236,54,143,1,-1,-1,-1
392,53,384,210,40,156,1,-1,-1,-1
392,54,370,109,38,133,1,-1,-1,-1
392,63,433,320,53,172,1,-1,-1,-1
393,33,312,382,78,108,1,-1,-1,-1
393,45,29,298,39,162,1,-1,-1,-1
393,46,385,377,48,119,1,-1,-1,-1
393,47,508,210,41,171,1,-1,-1,-1
393,48,227,195,39,163,1,-1,-1,-1
393,51,447,217,45,151,1,-1,-1,-1
393,52,653,234,56,148,1,-1,-1,-1
393,53,382,199,42,167,1,-1,-1,-1
393,54,370,108,38,135,1,-1,-1,-1
393,63,433,320,54,173,1,-1,-1,-1
394,33,311,379,80,111,1,-1,-1,-1
394,37,505,125,54,164,1,-1,-1,-1
394,45,27,298,40,163,1,-1,-1,-1
394,46,385,378,48,117,1,-1,-1,-1
394,47,508,207,41,174,1,-1,-1,-1
394,48,228,195,39,163,1,-1,-1,-1
394,51,447,216,45,151,1,-1,-1,-1
394,52,653,233,56,149,1,-1,-1,-1
394,53,383,210,40,159,1,-1,-1,-1
394,54,371,107,38,137,1,-1,-1,-1
394,57,301,174,40,144,1,-1,-1,-1
394,63,440,320,54,174,1,-1,-1,-1
395,33,310,377,81,115,1,-1,-1,-1
395,37,506,125,53,164,1,-1,-1,-1
395,45,26,298,39,163,1,-1,-1,-1
395,46,386,379,48,116,1,-1,-1,-1
395,47,509,207,41,175,1,-1,-1,-1
395,48,227,195,40,163,1,-1,-1,-1
395,51,448,216,44,150,1,-1,-1,-1
395,52,653,233,56,150,1,-1,-1,-1
395,53,388,215,40,155,1,-1,-1,-1
395,54,371,106,40,144,1,-1,-1,-1
395,57,299,183,42,153,1,-1,-1,-1
395,63,441,320,55,175,1,-1,-1,-1
396,33,309,376,82,116,1,-1,-1,-1
396,37,507,126,52,163,1,-1,-1,-1
396,45,26,298,40,163,1,-1,-1,-1
396,46,385,379,50,116,1,-1,-1,-1
396,48,227,195,40,163,1,-1,-1,-1
396,51,448,216,44,150,1,-1,-1,-1
396,53,390,216,39,155,1,-1,-1,-1
396,54,370,104,41,149,1,-1,-1,-1
396,57,299,187,41,154,1,-1,-1,-1
397,33,309,374,83,120,1,-1,-1,-1
397,37,507,126,52,163,1,-1,-1,-1
397,45,25,298,40,163,1,-1,-1,-1
397,46,385,379,50,116,1,-1,-1,-1
397,48,227,195,40,163,1,-1,-1,-1
397,51,448,216,43,150,1,-1,-1,-1
397,53,394,218,39,155,1,-1,-1,-1
397,54,369,102,42,153,1,-1,-1,-1
397,57,299,187,41,156,1,-1,-1,-1
397,63,442,320,55,175,1,-1,-1,-1
398,33,308,374,81,119,1,-1,-1,-1
398,45,24,298,40,162,1,-1,-1,-1
398,46,384,379,51,116,1,-1,-1,-1
398,48,227,195,40,163,1,-1,-1,-1
398,51,449,219,42,145,1,-1,-1,-1
398,54,369,106,42,156,1,-1,-1,-1
398,57,299,190,40,151,1,-1,-1,-1
398,63,443,320,55,175,1,-1,-1,-1
399,33,303,374,79,119,1,-1,-1,-1
399,45,23,298,40,162,1,-1,-1,-1
399,46,384,379,51,116,1,-1,-1,-1
399,48,227,195,40,162,1,-1,-1,-1
399,51,449,219,42,145,1,-1,-1,-1
399,54,370,107,40,146,1,-1,-1,-1
399,57,299,197,39,150,1,-1,-1,-1
399,63,443,320,54,175,1,-1,-1,-1
400,33,301,373,78,120,1,-1,-1,-1
400,45,23,298,40,162,1,-1,-1,-1
400,46,384,379,51,116,1,-1,-1,-1
400,47,510,214,39,161,1,-1,-1,-1
400,48,227,195,39,162,1,-1,-1,-1
400,51,452,223,40,137,1,-1,-1,-1
400,53,384,216,39,153,1,-1,-1,-1
400,54,370,105,40,146,1,-1,-1,-1
400,63,443,320,54,175,1,-1,-1,-1
401,33,298,367,78,121,1,-1,-1,-1
401,37,510,127,51,163,1,-1,-1,-1
401,45,22,298,41,162,1,-1,-1,-1
401,46,383,379,53,116,1,-1,-1,-1
401,47,510,213,40,163,1,-1,-1,-1
401,48,227,195,39,162,1,-1,-1,-1
401,51,452,223,40,137,1,-1,-1,-1
401,52,654,235,55,146,1,-1,-1,-1
401,53,386,199,43,171,1,-1,-1,-1
401,54,372,105,40,148,1,-1,-1,-1
401,63,443,320,55,175,1,-1,-1,-1
402,33,296,362,80,126,1,-1,-1,-1
402,37,510,125,51,166,1,-1,-1,-1
402,45,22,298,41,161,1,-1,-1,-1
402,46,383,379,53,116,1,-1,-1,-1
402,47,511,213,39,162,1,-1,-1,-1
402,48,227,194,39,164,1,-1,-1,-1
402,52,654,235,55,146,1,-1,-1,-1
402,53,386,191,46,180,1,-1,-1,-1
402,54,371,104,41,148,1,-1,-1,-1
402,57,298,186,43,162,1,-1,-1,-1
403,33,295,361,80,126,1,-1,-1,-1
403,37,510,125,51,167,1,-1,-1,-1
403,45,22,298,41,161,1,-1,-1,-1
403,46,383,379,54,117,1,-1,-1,-1
403,47,511,213,39,162,1,-1,-1,-1
403,48,227,194,39,164,1,-1,-1,-1
403,52,654,235,55,147,1,-1,-1,-1
403,53,385,187,47,184,1,-1,-1,-1
403,54,372,106,39,145,1,-1,-1,-1
403,57,298,190,42,162,1,-1,-1,-1
403,67,313,103,43,151,1,-1,-1,-1
404,33,295,361,80,126,1,-1,-1,-1
404,37,509,127,49,161,1,-1,-1,-1
404,45,17,299,43,162,1,-1,-1,-1
404,46,383,379,54,117,1,-1,-1,-1
404,47,512,215,38,157,1,-1,-1,-1
404,48,227,194,40,163,1,-1,-1,-1
404,52,654,235,55,147,1,-1,-1,-1
404,53,387,193,45,174,1,-1,-1,-1
404,54,372,105,40,148,1,-1,-1,-1
404,67,313,100,44,156,1,-1,-1,-1
404,68,556,231,42,149,1,-1,-1,-1
405,33,294,359,81,130,1,-1,-1,-1
405,37,508,126,51,163,1,-1,-1,-1
405,45,15,299,44,162,1,-1,-1,-1
405,46,383,379,55,117,1,-1,-1,-1
405,47,502,216,40,156,1,-1,-1,-1
405,48,227,193,40,164,1,-1,-1,-1
405,52,654,236,55,146,1,-1,-1,-1
405,53,388,207,42,161,1,-1,-1,-1
405,54,372,104,41,151,1,-1,-1,-1
405,67,312,97,46,162,1,-1,-1,-1
405,68,557,230,42,152,1,-1,-1,-1
406,33,293,358,81,131,1,-1,-1,-1
406,37,508,123,53,168,1,-1,-1,-1
406,45,14,299,44,162,1,-1,-1,-1
406,46,383,379,55,117,1,-1,-1,-1
406,47,502,217,39,154,1,-1,-1,-1
406,48,227,194,39,162,1,-1,-1,-1
406,51,455,218,43,146,1,-1,-1,-1
406,52,654,237,55,145,1,-1,-1,-1
406,53,388,211,43,159,1,-1,-1,-1
406,54,370,103,43,155,1,-1,-1,-1
406,57,299,185,42,159,1,-1,-1,-1
406,67,313,97,45,161,1,-1,-1,-1
406,68,557,230,42,152,1,-1,-1,-1
407,33,292,357,82,132,1,-1,-1,-1
407,37,508,123,53,169,1,-1,-1,-1
407,45,14,299,45,162,1,-1,-1,-1
407,46,383,379,55,117,1,-1,-1,-1
407,47,497,217,42,155,1,-1,-1,-1
407,48,227,194,40,163,1,-1,-1,-1
407,51,456,216,44,149,1,-1,-1,-1
407,52,654,237,54,145,1,-1,-1,-1
407,53,388,214,43,156,1,-1,-1,-1
407,54,371,102,42,155,1,-1,-1,-1
407,57,299,187,41,160,1,-1,-1,-1
407,67,313,97,45,162,1,-1,-1,-1
408,33,292,356,83,134,1,-1,-1,-1
408,45,13,299,46,162,1,-1,-1,-1
408,46,383,379,56,117,1,-1,-1,-1
408,47,496,217,43,155,1,-1,-1,-1
408,48,227,194,40,164,1,-1,-1,-1
408,51,455,217,43,148,1,-1,-1,-1
408,52,654,237,54,145,1,-1,-1,-1
408,53,388,215,43,156,1,-1,-1,-1
408,54,371,103,42,156,1,-1,-1,-1
408,67,314,98,44,160,1,-1,-1,-1
409,33,291,357,84,133,1,-1,-1,-1
409,45,13,299,46,162,1,-1,-1,-1
409,46,382,379,57,117,1,-1,-1,-1
409,47,503,217,44,156,1,-1,-1,-1
409,48,227,195,40,163,1,-1,-1,-1
409,51,455,217,44,149,1,-1,-1,-1
409,52,654,237,54,145,1,-1,-1,-1
409,53,388,213,43,158,1,-1,-1,-1
409,54,371,102,43,157,1,-1,-1,-1
409,67,314,99,44,160,1,-1,-1,-1
410,33,288,356,86,135,1,-1,-1,-1
410,37,508,124,52,169,1,-1,-1,-1
410,45,13,299,46,162,1,-1,-1,-1
410,46,382,379,57,117,1,-1,-1,-1
410,47,504,217,43,156,1,-1,-1,-1
410,48,227,195,40,163,1,-1,-1,-1
410,52,654,237,54,146,1,-1,-1,-1
410,53,387,210,45,162,1,-1,-1,-1
410,54,371,102,42,157,1,-1,-1,-1
410,67,314,99,44,160,1,-1,-1,-1
411,33,277,354,86,138,1,-1,-1,-1
411,37,508,124,52,170,1,-1,-1,-1
411,45,12,299,47,162,1,-1,-1,-1
411,46,382,378,57,119,1,-1,-1,-1
411,47,467,220,41,145,1,-1,-1,-1
411,48,227,195,40,164,1,-1,-1,-1
411,52,653,237,56,146,1,-1,-1,-1
411,53,385,199,47,172,1,-1,-1,-1
411,54,370,102,42,156,1,-1,-1,-1
411,67,313,98,45,162,1,-1,-1,-1
411,69,421,39,49,135,1,-1,-1,-1
412,33,271,353,85,139,1,-1,-1,-1
412,45,12,299,48,162,1,-1,-1,-1
412,46,382,378,57,118,1,-1,-1,-1
412,47,463,220,40,144,1,-1,-1,-1
412,48,228,195,39,164,1,-1,-1,-1
412,52,653,236,56,147,1,-1,-1,-1
412,53,385,196,47,173,1,-1,-1,-1
412,54,369,103,42,155,1,-1,-1,-1
412,67,314,98,44,163,1,-1,-1,-1
412,69,423,40,48,133,1,-1,-1,-1
413,33,263,355,81,137,1,-1,-1,-1
413,45,13,299,47,161,1,-1,-1,-1
413,46,382,378,57,118,1,-1,-1,-1
413,47,455,218,41,146,1,-1,-1,-1
413,48,228,195,40,164,1,-1,-1,-1
413,51,500,222,48,164,1,-1,-1,-1
413,52,653,236,55,148,1,-1,-1,-1
413,53,385,205,45,165,1,-1,-1,-1
413,54,371,105,40,149,1,-1,-1,-1
413,67,313,99,44,160,1,-1,-1,-1
413,69,424,41,48,131,1,-1,-1,-1
414,33,260,356,78,135,1,-1,-1,-1
414,45,12,299,48,161,1,-1,-1,-1
414,46,382,378,56,118,1,-1,-1,-1
414,47,453,220,40,143,1,-1,-1,-1
414,48,228,195,39,164,1,-1,-1,-1
414,51,505,226,46,159,1,-1,-1,-1
414,52,652,236,55,146,1,-1,-1,-1
414,53,385,210,44,160,1,-1,-1,-1
414,54,372,108,39,144,1,-1,-1,-1
414,67,313,99,43,160,1,-1,-1,-1
414,68,556,233,41,147,1,-1,-1,-1
415,33,259,357,76,134,1,-1,-1,-1
415,45,13,299,47,160,1,-1,-1,-1
415,46,382,379,56,117,1,-1,-1,-1
415,47,453,220,40,142,1,-1,-1,-1
415,48,228,194,40,165,1,-1,-1,-1
415,51,507,227,45,157,1,-1,-1,-1
415,52,652,236,55,146,1,-1,-1,-1
415,53,385,212,44,158,1,-1,-1,-1
415,54,372,108,39,144,1,-1,-1,-1
415,67,313,99,43,160,1,-1,-1,-1
415,68,556,233,41,147,1,-1,-1,-1
416,33,259,357,73,133,1,-1,-1,-1
416,37,505,122,52,170,1,-1,-1,-1
416,45,17,299,47,158,1,-1,-1,-1
416,46,381,379,56,117,1,-1,-1,-1
416,47,453,221,39,141,1,-1,-1,-1
416,48,228,194,39,165,1,-1,-1,-1
416,51,508,228,45,156,1,-1,-1,-1
416,52,652,236,55,146,1,-1,-1,-1
416,53,385,212,43,158,1,-1,-1,-1
416,54,371,111,40,151,1,-1,-1,-1
416,67,313,99,43,159,1,-1,-1,-1
416,68,556,233,41,147,1,-1,-1,-1
417,33,259,358,72,132,1,-1,-1,-1
417,37,506,122,52,170,1,-1,-1,-1
417,45,19,299,45,158,1,-1,-1,-1
417,46,382,379,55,116,1,-1,-1,-1
417,47,453,222,40,141,1,-1,-1,-1
417,48,228,194,39,165,1,-1,-1,-1
417,51,509,230,43,153,1,-1,-1,-1
417,52,652,236,55,146,1,-1,-1,-1
417,53,383,216,41,153,1,-1,-1,-1
417,54,371,106,41,157,1,-1,-1,-1
417,67,313,100,42,158,1,-1,-1,-1
417,68,556,236,41,142,1,-1,-1,-1
418,33,257,358,70,132,1,-1,-1,-1
418,37,505,122,53,170,1,-1,-1,-1
418,45,16,300,46,157,1,-1,-1,-1
418,46,381,379,56,116,1,-1,-1,-1
418,47,453,222,39,140,1,-1,-1,-1
418,48,228,194,39,165,1,-1,-1,-1
418,51,503,231,45,152,1,-1,-1,-1
418,52,653,237,53,144,1,-1,-1,-1
418,53,382,219,40,150,1,-1,-1,-1
418,54,370,108,41,158,1,-1,-1,-1
418,57,304,169,42,164,1,-1,-1,-1
418,67,312,100,42,158,1,-1,-1,-1
418,68,557,238,40,139,1,-1,-1,-1
419,33,256,358,69,133,1,-1,-1,-1
419,37,507,126,50,162,1,-1,-1,-1
419,45,18,300,46,157,1,-1,-1,-1
419,46,381,379,56,117,1,-1,-1,-1
419,47,453,224,40,138,1,-1,-1,-1
419,48,228,195,39,163,1,-1,-1,-1
419,51,506,231,44,153,1,-1,-1,-1
419,52,652,237,54,144,1,-1,-1,-1
419,53,381,217,41,153,1,-1,-1,-1
419,54,368,110,42,158,1,-1,-1,-1
419,57,304,169,42,163,1,-1,-1,-1
419,67,311,100,41,158,1,-1,-1,-1
419,68,557,236,41,142,1,-1,-1,-1
420,33,255,360,67,131,1,-1,-1,-1
420,37,507,127,49,160,1,-1,-1,-1
420,45,20,300,45,157,1,-1,-1,-1
420,46,381,379,55,117,1,-1,-1,-1
420,47,454,225,39,136,1,-1,-1,-1
420,48,228,195,40,163,1,-1,-1,-1
420,52,652,237,54,144,1,-1,-1,-1
420,53,380,215,41,157,1,-1,-1,-1
420,54,369,110,41,159,1,-1,-1,-1
420,57,306,171,41,159,1,-1,-1,-1
420,67,310,100,42,159,1,-1,-1,-1
420,68,557,237,41,141,1,-1,-1,-1
421,33,255,360,67,131,1,-1,-1,-1
421,45,20,299,45,158,1,-1,-1,-1
421,46,380,379,56,117,1,-1,-1,-1
421,47,455,225,39,136,1,-1,-1,-1
421,48,228,195,40,163,1,-1,-1,-1
421,52,652,237,54,144,1,-1,-1,-1
421,53,380,215,41,157,1,-1,-1,-1
421,54,369,111,41,157,1,-1,-1,-1
421,57,307,171,40,158,1,-1,-1,-1
421,68,557,236,42,142,1,-1,-1,-1
422,33,255,358,67,133,1,-1,-1,-1
422,45,17,299,45,160,1,-1,-1,-1
422,46,380,379,56,118,1,-1,-1,-1
422,47,456,225,39,136,1,-1,-1,-1
422,48,228,195,39,163,1,-1,-1,-1
422,52,651,236,54,145,1,-1,-1,-1
422,53,380,215,40,157,1,-1,-1,-1
422,54,369,111,41,157,1,-1,-1,-1
422,57,307,175,38,153,1,-1,-1,-1
422,63,183,338,51,160,1,-1,-1,-1
422,67,311,100,40,155,1,-1,-1,-1
422,68,557,236,41,142,1,-1,-1,-1
423,33,249,360,65,131,1,-1,-1,-1
423,37,509,134,46,149,1,-1,-1,-1
423,45,15,299,46,161,1,-1,-1,-1
423,46,381,379,54,118,1,-1,-1,-1
423,47,454,225,39,136,1,-1,-1,-1
423,48,228,195,39,163,1,-1,-1,-1
423,52,651,235,54,148,1,-1,-1,-1
423,54,369,111,40,156,1,-1,-1,-1
423,57,307,177,38,149,1,-1,-1,-1
423,63,171,339,50,159,1,-1,-1,-1
423,67,311,100,41,155,1,-1,-1,-1
423,68,557,237,41,142,1,-1,-1,-1
424,33,246,360,65,131,1,-1,-1,-1
424,37,509,133,46,151,1,-1,-1,-1
424,45,13,299,47,161,1,-1,-1,-1
424,46,381,379,54,118,1,-1,-1,-1
424,48,227,194,41,164,1,-1,-1,-1
424,52,651,235,55,148,1,-1,-1,-1
424,54,370,109,39,152,1,-1,-1,-1
424,57,308,177,38,148,1,-1,-1,-1
424,63,177,331,51,162,1,-1,-1,-1
424,67,311,100,41,154,1,-1,-1,-1
424,68,557,237,41,142,1,-1,-1,-1
425,33,245,359,63,132,1,-1,-1,-1
425,37,509,134,46,149,1,-1,-1,-1
425,45,13,298,46,162,1,-1,-1,-1
425,46,380,378,54,119,1,-1,-1,-1
425,48,227,194,40,165,1,-1,-1,-1
425,52,651,236,54,146,1,-1,-1,-1
425,54,370,111,39,153,1,-1,-1,-1
425,63,167,331,51,161,1,-1,-1,-1
425,67,310,100,41,153,1,-1,-1,-1
426,33,245,359,62,132,1,-1,-1,-1
426,37,508,129,49,158,1,-1,-1,-1
426,45,13,298,47,162,1,-1,-1,-1
426,46,376,378,54,119,1,-1,-1,-1
426,48,227,194,40,165,1,-1,-1,-1
426,52,651,237,53,144,1,-1,-1,-1
426,54,369,111,39,153,1,-1,-1,-1
426,63,176,330,50,161,1,-1,-1,-1
426,67,309,100,42,153,1,-1,-1,-1
427,33,244,359,61,133,1,-1,-1,-1
427,37,508,128,49,161,1,-1,-1,-1
427,45,13,298,47,162,1,-1,-1,-1
427,46,375,378,53,119,1,-1,-1,-1
427,48,228,194,40,165,1,-1,-1,-1
427,52,651,237,53,144,1,-1,-1,-1
427,54,369,112,39,153,1,-1,-1,-1
427,63,177,330,50,160,1,-1,-1,-1
427,67,311,102,41,150,1,-1,-1,-1
427,70,454,131,44,151,1,-1,-1,-1
428,33,244,358,59,134,1,-1,-1,-1
428,37,508,126,49,163,1,-1,-1,-1
428,45,13,298,47,162,1,-1,-1,-1
428,46,374,378,54,119,1,-1,-1,-1
428,48,228,194,40,165,1,-1,-1,-1
428,52,651,237,54,144,1,-1,-1,-1
428,54,370,112,38,153,1,-1,-1,-1
428,63,178,330,49,161,1,-1,-1,-1
428,67,311,103,41,148,1,-1,-1,-1
428,70,455,133,42,147,1,-1,-1,-1
429,33,240,361,60,140,1,-1,-1,-1
429,37,508,127,49,161,1,-1,-1,-1
429,45,13,298,47,161,1,-1,-1,-1
429,46,374,378,53,119,1,-1,-1,-1
429,47,387,212,46,163,1,-1,-1,-1
429,48,228,194,40,165,1,-1,-1,-1
429,51,449,320,44,145,1,-1,-1,-1
429,52,651,237,54,144,1,-1,-1,-1
429,54,370,112,38,155,1,-1,-1,-1
429,63,178,331,48,158,1,-1,-1,-1
429,67,310,103,42,149,1,-1,-1,-1
429,70,457,133,42,148,1,-1,-1,-1
430,33,238,359,58,138,1,-1,-1,-1
430,37,508,129,48,157,1,-1,-1,-1
430,45,13,299,46,159,1,-1,-1,-1
430,46,373,378,53,119,1,-1,-1,-1
430,47,381,214,44,160,1,-1,-1,-1
430,48,228,195,41,165,1,-1,-1,-1
430,51,446,324,44,142,1,-1,-1,-1
430,52,651,237,54,144,1,-1,-1,-1
430,54,370,112,38,155,1,-1,-1,-1
430,63,173,331,48,158,1,-1,-1,-1
430,67,309,101,42,153,1,-1,-1,-1
430,70,457,131,43,151,1,-1,-1,-1
431,33,238,359,56,135,1,-1,-1,-1
431,37,507,130,48,154,1,-1,-1,-1
431,45,12,299,47,159,1,-1,-1,-1
431,46,373,378,52,119,1,-1,-1,-1
431,47,378,213,44,161,1,-1,-1,-1
431,48,228,195,41,165,1,-1,-1,-1
431,51,443,331,43,141,1,-1,-1,-1
431,52,652,237,53,144,1,-1,-1,-1
431,54,371,111,37,146,1,-1,-1,-1
431,67,310,102,42,152,1,-1,-1,-1
431,70,457,133,42,145,1,-1,-1,-1
432,33,238,358,54,134,1,-1,-1,-1
432,37,508,132,46,150,1,-1,-1,-1
432,45,13,299,47,159,1,-1,-1,-1
432,46,373,379,52,118,1,-1,-1,-1
432,47,378,215,42,158,1,-1,-1,-1
432,48,228,196,41,164,1,-1,-1,-1
432,52,651,237,54,144,1,-1,-1,-1
432,54,371,111,36,142,1,-1,-1,-1
432,67,309,102,41,151,1,-1,-1,-1
432,70,457,130,43,151,1,-1,-1,-1
433,33,238,358,53,133,1,-1,-1,-1
433,37,507,132,47,151,1,-1,-1,-1
433,45,13,299,47,159,1,-1,-1,-1
433,46,373,379,52,118,1,-1,-1,-1
433,47,378,215,42,158,1,-1,-1,-1
433,48,228,196,41,164,1,-1,-1,-1
433,52,651,237,53,143,1,-1,-1,-1
433,54,372,110,36,142,1,-1,-1,-1
433,63,133,292,55,182,1,-1,-1,-1
433,67,309,102,41,151,1,-1,-1,-1
433,70,456,129,44,154,1,-1,-1,-1
434,33,234,356,53,134,1,-1,-1,-1
434,37,506,130,49,155,1,-1,-1,-1
434,45,13,299,47,159,1,-1,-1,-1
434,46,373,379,52,118,1,-1,-1,-1
434,47,373,215,42,158,1,-1,-1,-1
434,48,228,196,41,164,1,-1,-1,-1
434,52,650,237,54,143,1,-1,-1,-1
434,54,372,110,36,141,1,-1,-1,-1
434,63,128,288,56,186,1,-1,-1,-1
434,67,309,102,41,150,1,-1,-1,-1
434,70,456,127,45,156,1,-1,-1,-1
435,33,232,356,53,134,1,-1,-1,-1
435,37,506,131,48,153,1,-1,-1,-1
435,45,13,299,47,159,1,-1,-1,-1
435,46,373,379,52,118,1,-1,-1,-1
435,48,228,196,41,165,1,-1,-1,-1
435,52,650,237,54,143,1,-1,-1,-1
435,54,372,110,35,141,1,-1,-1,-1
435,57,309,189,39,154,1,-1,-1,-1
435,63,121,284,56,189,1,-1,-1,-1
435,70,458,125,42,147,1,-1,-1,-1
436,26,291,125,431,414,1,-1,-1,-1
436,37,506,131,47,153,1,-1,-1,-1
436,45,13,299,47,159,1,-1,-1,-1
436,46,372,379,53,118,1,-1,-1,-1
436,48,228,196,41,165,1,-1,-1,-1
436,52,650,237,54,143,1,-1,-1,-1
436,54,372,109,35,141,1,-1,-1,-1
436,57,309,190,39,154,1,-1,-1,-1
436,70,458,124,42,146,1,-1,-1,-1
437,26,276,123,460,417,1,-1,-1,-1
438,26,267,120,477,420,1,-1,-1,-1
439,26,263,119,485,421,1,-1,-1,-1
440,26,255,113,499,430,1,-1,-1,-1
441,26,250,112,505,431,1,-1,-1,-1
442,26,249,116,504,425,1,-1,-1,-1
443,26,225,118,511,423,1,-1,-1,-1
444,26,214,120,517,420,1,-1,-1,-1
445,26,208,121,524,418,1,-1,-1,-1
446,26,199,113,538,427,1,-1,-1,-1
447,26,192,107,550,434,1,-1,-1,-1
448,26,188,104,556,438,1,-1,-1,-1
449,26,187,105,555,434,1,-1,-1,-1
450,26,184,102,562,437,1,-1,-1,-1
451,26,193,101,545,417,1,-1,-1,-1
452,26,188,106,553,423,1,-1,-1,-1
453,26,180,105,565,431,1,-1,-1,-1
454,26,175,104,574,436,1,-1,-1,-1
455,26,175,104,574,436,1,-1,-1,-1
456,26,183,98,559,421,1,-1,-1,-1
457,26,187,96,554,415,1,-1,-1,-1
458,26,180,104,564,422,1,-1,-1,-1
459,26,177,107,569,424,1,-1,-1,-1
460,26,170,104,581,433,1,-1,-1,-1
461,26,169,104,583,434,1,-1,-1,-1
462,26,174,94,576,429,1,-1,-1,-1
463,26,177,90,572,427,1,-1,-1,-1
464,26,170,85,585,438,1,-1,-1,-1
465,26,146,82,587,442,1,-1,-1,-1
466,26,132,78,596,451,1,-1,-1,-1
467,26,131,76,591,450,1,-1,-1,-1
468,26,149,70,602,462,1,-1,-1,-1
469,26,158,69,602,466,1,-1,-1,-1
470,26,161,66,601,469,1,-1,-1,-1
470,72,161,77,300,438,1,-1,-1,-1
471,26,167,68,593,466,1,-1,-1,-1
471,72,160,76,303,442,1,-1,-1,-1
472,26,171,70,588,462,1,-1,-1,-1
473,26,174,67,587,464,1,-1,-1,-1
474,26,201,63,579,466,1,-1,-1,-1
474,72,198,90,289,420,1,-1,-1,-1
475,26,213,62,571,467,1,-1,-1,-1
475,72,200,92,289,415,1,-1,-1,-1
476,26,220,64,565,467,1,-1,-1,-1
476,72,206,94,287,413,1,-1,-1,-1
477,26,226,66,556,465,1,-1,-1,-1
478,26,232,66,548,463,1,-1,-1,-1
479,26,233,65,546,464,1,-1,-1,-1
480,26,256,62,544,470,1,-1,-1,-1
481,26,268,61,536,472,1,-1,-1,-1
482,26,281,61,527,472,1,-1,-1,-1
482,72,189,52,315,447,1,-1,-1,-1
483,26,289,62,517,471,1,-1,-1,-1
483,72,209,51,324,447,1,-1,-1,-1
484,26,275,57,499,454,1,-1,-1,-1
484,72,213,48,325,449,1,-1,-1,-1
485,26,270,55,492,448,1,-1,-1,-1
486,26,263,52,497,450,1,-1,-1,-1
487,26,262,52,496,450,1,-1,-1,-1
487,74,-14,166,331,330,1,-1,-1,-1
488,26,281,55,506,465,1,-1,-1,-1
488,74,-2,159,343,343,1,-1,-1,-1
489,26,271,56,491,452,1,-1,-1,-1
489,74,2,146,362,363,1,-1,-1,-1
490,26,268,56,486,446,1,-1,-1,-1
490,74,18,129,389,392,1,-1,-1,-1
491,26,267,68,482,439,1,-1,-1,-1
491,74,23,102,406,414,1,-1,-1,-1
492,26,265,72,483,438,1,-1,-1,-1
492,74,27,94,407,419,1,-1,-1,-1
493,26,260,59,492,445,1,-1,-1,-1
493,74,53,94,400,415,1,-1,-1,-1
494,26,258,54,496,447,1,-1,-1,-1
494,74,62,105,404,423,1,-1,-1,-1
495,26,257,52,500,450,1,-1,-1,-1
495,74,69,99,414,432,1,-1,-1,-1
496,26,276,60,506,460,1,-1,-1,-1
497,26,257,62,514,467,1,-1,-1,-1
498,26,249,62,518,471,1,-1,-1,-1
499,26,250,66,513,464,1,-1,-1,-1
500,26,211,62,530,471,1,-1,-1,-1
501,26,232,64,525,467,1,-1,-1,-1
502,26,210,66,528,467,1,-1,-1,-1
503,26,199,67,535,467,1,-1,-1,-1
504,26,228,70,527,462,1,-1,-1,-1
505,26,237,70,528,464,1,-1,-1,-1
506,26,174,63,550,473,1,-1,-1,-1
507,26,168,63,552,474,1,-1,-1,-1
507,74,333,102,422,439,1,-1,-1,-1
508,26,146,63,563,474,1,-1,-1,-1
508,74,351,101,425,441,1,-1,-1,-1
509,26,138,62,572,476,1,-1,-1,-1
510,26,131,62,573,477,1,-1,-1,-1
510,74,345,98,423,443,1,-1,-1,-1
511,74,347,99,419,442,1,-1,-1,-1
512,74,350,98,415,443,1,-1,-1,-1
513,26,92,116,517,421,1,-1,-1,-1
513,74,347,95,419,447,1,-1,-1,-1
514,26,90,124,505,404,1,-1,-1,-1
514,74,347,101,416,441,1,-1,-1,-1
515,26,87,126,504,403,1,-1,-1,-1
515,74,347,108,411,434,1,-1,-1,-1
516,26,86,126,505,404,1,-1,-1,-1
516,74,345,111,411,431,1,-1,-1,-1
517,26,43,92,547,442,1,-1,-1,-1
517,74,341,107,418,436,1,-1,-1,-1
518,26,32,91,548,444,1,-1,-1,-1
518,74,279,108,433,436,1,-1,-1,-1
519,26,34,102,540,440,1,-1,-1,-1
519,74,286,117,429,422,1,-1,-1,-1
520,26,24,103,541,440,1,-1,-1,-1
520,74,286,118,428,421,1,-1,-1,-1
522,75,379,420,30,62,1,-1,-1,-1
523,75,379,421,29,60,1,-1,-1,-1
524,75,378,420,29,61,1,-1,-1,-1
525,75,378,420,28,60,1,-1,-1,-1
526,75,377,419,29,61,1,-1,-1,-1
527,75,376,419,30,61,1,-1,-1,-1
528,75,375,418,30,63,1,-1,-1,-1
529,72,114,334,35,56,1,-1,-1,-1
529,75,375,417,30,64,1,-1,-1,-1
530,72,114,336,32,53,1,-1,-1,-1
530,75,374,416,31,65,1,-1,-1,-1
531,72,113,336,31,53,1,-1,-1,-1
531,75,374,416,30,64,1,-1,-1,-1
532,72,113,336,30,53,1,-1,-1,-1
532,75,373,415,30,64,1,-1,-1,-1
533,72,112,336,30,53,1,-1,-1,-1
533,75,372,414,30,65,1,-1,-1,-1
534,75,371,413,31,65,1,-1,-1,-1
535,75,371,413,30,64,1,-1,-1,-1
536,75,370,413,30,64,1,-1,-1,-1
536,76,523,267,30,82,1,-1,-1,-1
537,75,368,412,30,65,1,-1,-1,-1
537,76,523,267,30,83,1,-1,-1,-1
538,75,368,411,29,64,1,-1,-1,-1
539,75,367,410,29,64,1,-1,-1,-1
540,77,697,328,30,55,1,-1,-1,-1
542,75,363,410,27,62,1,-1,-1,-1
542,77,692,328,29,54,1,-1,-1,-1
543,75,360,410,26,61,1,-1,-1,-1
543,77,688,328,29,52,1,-1,-1,-1
544,75,357,410,26,59,1,-1,-1,-1
544,77,684,327,29,53,1,-1,-1,-1
545,72,97,337,28,53,1,-1,-1,-1
545,75,354,410,25,58,1,-1,-1,-1
545,77,681,327,29,52,1,-1,-1,-1
546,72,95,337,29,54,1,-1,-1,-1
546,75,353,410,24,58,1,-1,-1,-1
547,75,350,411,24,57,1,-1,-1,-1
548,72,90,337,28,53,1,-1,-1,-1
548,75,346,411,24,58,1,-1,-1,-1
548,76,466,340,21,56,1,-1,-1,-1
549,72,86,338,27,52,1,-1,-1,-1
549,75,341,411,25,59,1,-1,-1,-1
549,76,463,341,22,55,1,-1,-1,-1
550,72,82,338,27,52,1,-1,-1,-1
550,75,337,411,25,59,1,-1,-1,-1
550,76,460,340,24,57,1,-1,-1,-1
551,72,78,339,27,52,1,-1,-1,-1
551,75,334,410,24,59,1,-1,-1,-1
551,76,459,342,24,55,1,-1,-1,-1
552,72,76,339,28,52,1,-1,-1,-1
552,75,332,410,24,59,1,-1,-1,-1
552,76,459,342,24,55,1,-1,-1,-1
553,72,74,339,27,53,1,-1,-1,-1
553,75,329,410,24,58,1,-1,-1,-1
553,76,458,343,25,53,1,-1,-1,-1
554,72,72,339,27,53,1,-1,-1,-1
554,75,326,410,24,58,1,-1,-1,-1
554,76,459,343,25,54,1,-1,-1,-1
557,75,321,409,24,57,1,-1,-1,-1
557,76,460,341,26,55,1,-1,-1,-1
558,75,320,408,23,57,1,-1,-1,-1
558,76,461,340,25,55,1,-1,-1,-1
559,75,318,408,24,57,1,-1,-1,-1
559,76,463,339,25,55,1,-1,-1,-1
560,75,317,407,24,58,1,-1,-1,-1
560,76,464,339,25,54,1,-1,-1,-1
561,75,316,406,24,59,1,-1,-1,-1
561,76,465,338,26,56,1,-1,-1,-1
562,72,62,339,29,54,1,-1,-1,-1
562,75,315,405,24,60,1,-1,-1,-1
562,76,465,339,25,55,1,-1,-1,-1
563,72,61,339,28,55,1,-1,-1,-1
563,75,313,405,24,59,1,-1,-1,-1
564,72,61,339,28,55,1,-1,-1,-1
564,75,312,405,25,59,1,-1,-1,-1
565,72,59,339,29,55,1,-1,-1,-1
565,75,311,405,26,60,1,-1,-1,-1
566,72,57,339,30,56,1,-1,-1,-1
566,75,310,405,27,61,1,-1,-1,-1
567,72,56,339,29,56,1,-1,-1,-1
567,75,308,404,28,62,1,-1,-1,-1
567,76,469,334,25,56,1,-1,-1,-1
568,72,54,340,30,55,1,-1,-1,-1
568,75,307,404,28,62,1,-1,-1,-1
568,76,469,332,26,57,1,-1,-1,-1
569,72,53,340,30,55,1,-1,-1,-1
569,75,305,404,29,62,1,-1,-1,-1
569,76,470,331,26,57,1,-1,-1,-1
570,72,53,340,29,56,1,-1,-1,-1
570,75,304,404,29,62,1,-1,-1,-1
570,76,470,331,26,57,1,-1,-1,-1
571,72,52,340,29,56,1,-1,-1,-1
571,75,304,405,29,61,1,-1,-1,-1
571,76,470,328,26,57,1,-1,-1,-1
572,72,52,339,28,57,1,-1,-1,-1
572,75,302,405,30,62,1,-1,-1,-1
572,76,471,328,25,57,1,-1,-1,-1
572,77,559,214,21,40,1,-1,-1,-1
573,72,50,339,29,57,1,-1,-1,-1
573,75,301,404,30,63,1,-1,-1,-1
573,77,557,212,21,40,1,-1,-1,-1
574,75,300,404,29,63,1,-1,-1,-1
574,77,557,212,20,40,1,-1,-1,-1
575,75,298,405,30,62,1,-1,-1,-1
575,77,553,208,20,40,1,-1,-1,-1
576,75,298,405,29,62,1,-1,-1,-1
577,72,49,339,28,57,1,-1,-1,-1
577,75,297,405,29,62,1,-1,-1,-1
578,72,48,338,27,57,1,-1,-1,-1
578,75,296,405,29,62,1,-1,-1,-1
578,77,552,211,20,39,1,-1,-1,-1
579,72,46,338,27,57,1,-1,-1,-1
579,75,295,405,29,62,1,-1,-1,-1
579,77,550,209,19,39,1,-1,-1,-1
580,72,45,338,27,57,1,-1,-1,-1
580,75,294,405,29,63,1,-1,-1,-1
581,72,43,338,27,57,1,-1,-1,-1
581,75,292,404,28,64,1,-1,-1,-1
581,80,684,138,18,43,1,-1,-1,-1
582,72,42,338,27,58,1,-1,-1,-1
582,75,292,404,27,65,1,-1,-1,-1
582,80,684,137,18,45,1,-1,-1,-1
583,72,41,338,27,58,1,-1,-1,-1
583,75,291,404,27,65,1,-1,-1,-1
583,80,682,137,18,44,1,-1,-1,-1
584,72,39,338,27,57,1,-1,-1,-1
584,75,287,404,27,65,1,-1,-1,-1
584,80,679,137,18,45,1,-1,-1,-1
585,72,38,338,26,56,1,-1,-1,-1
585,75,286,405,26,63,1,-1,-1,-1
585,80,676,137,19,45,1,-1,-1,-1
586,72,35,338,27,56,1,-1,-1,-1
586,75,284,405,26,63,1,-1,-1,-1
586,80,674,136,19,47,1,-1,-1,-1
587,72,34,338,26,55,1,-1,-1,-1
587,75,282,405,26,63,1,-1,-1,-1
588,75,282,405,25,63,1,-1,-1,-1
589,75,282,405,25,62,1,-1,-1,-1
589,76,468,313,26,56,1,-1,-1,-1
590,75,280,406,25,61,1,-1,-1,-1
590,76,468,313,26,55,1,-1,-1,-1
590,80,668,136,15,37,1,-1,-1,-1
591,75,278,406,25,60,1,-1,-1,-1
591,76,468,312,26,55,1,-1,-1,-1
591,80,666,136,15,37,1,-1,-1,-1
592,75,276,406,25,60,1,-1,-1,-1
593,75,275,405,26,60,1,-1,-1,-1
594,75,275,405,26,60,1,-1,-1,-1
595,75,274,405,25,59,1,-1,-1,-1
596,72,24,338,25,54,1,-1,-1,-1
596,75,273,405,25,59,1,-1,-1,-1
596,77,527,206,19,40,1,-1,-1,-1
597,72,22,338,26,54,1,-1,-1,-1
597,77,525,206,19,40,1,-1,-1,-1
598,72,21,339,26,54,1,-1,-1,-1
598,77,523,206,18,40,1,-1,-1,-1
599,72,20,339,26,54,1,-1,-1,-1
599,77,521,205,18,41,1,-1,-1,-1
600,72,19,340,27,53,1,-1,-1,-1
600,77,521,205,17,41,1,-1,-1,-1
601,72,17,340,27,54,1,-1,-1,-1
601,77,519,205,18,41,1,-1,-1,-1
602,72,15,340,27,54,1,-1,-1,-1
603,72,13,339,27,56,1,-1,-1,-1
604,72,10,339,27,55,1,-1,-1,-1
605,72,8,339,27,55,1,-1,-1,-1
606,72,7,339,27,55,1,-1,-1,-1
607,72,6,338,26,57,1,-1,-1,-1
607,75,249,369,39,96,1,-1,-1,-1
608,75,247,368,37,97,1,-1,-1,-1
609,75,246,369,36,96,1,-1,-1,-1
610,75,247,391,28,73,1,-1,-1,-1
611,75,241,377,33,88,1,-1,-1,-1
612,75,240,373,33,92,1,-1,-1,-1
613,75,237,363,36,104,1,-1,-1,-1
614,75,235,360,37,107,1,-1,-1,-1
615,84,240,407,24,58,1,-1,-1,-1
616,84,238,405,25,60,1,-1,-1,-1
617,84,236,405,25,60,1,-1,-1,-1
618,84,236,405,25,61,1,-1,-1,-1
619,84,235,406,25,60,1,-1,-1,-1
620,84,234,406,25,60,1,-1,-1,-1
621,84,233,408,24,59,1,-1,-1,-1
622,84,232,408,24,60,1,-1,-1,-1
623,84,229,408,25,60,1,-1,-1,-1
624,84,228,408,25,60,1,-1,-1,-1
625,84,228,408,24,60,1,-1,-1,-1
626,80,594,136,15,36,1,-1,-1,-1
626,84,227,408,24,59,1,-1,-1,-1
627,80,592,137,15,36,1,-1,-1,-1
627,84,225,409,24,58,1,-1,-1,-1
628,80,590,137,15,36,1,-1,-1,-1
628,84,224,410,24,58,1,-1,-1,-1
629,80,588,137,15,36,1,-1,-1,-1
629,84,223,409,24,59,1,-1,-1,-1
630,84,222,409,25,59,1,-1,-1,-1
631,77,460,200,16,40,1,-1,-1,-1
631,80,586,137,14,34,1,-1,-1,-1
631,84,221,409,25,60,1,-1,-1,-1
632,77,458,200,16,39,1,-1,-1,-1
632,80,584,137,14,34,1,-1,-1,-1
632,84,220,410,24,60,1,-1,-1,-1
633,77,455,200,16,40,1,-1,-1,-1
633,80,582,137,15,35,1,-1,-1,-1
633,84,218,410,25,60,1,-1,-1,-1
634,77,453,200,16,40,1,-1,-1,-1
634,80,580,137,16,35,1,-1,-1,-1
634,84,217,410,24,60,1,-1,-1,-1
635,77,452,200,15,40,1,-1,-1,-1
635,80,579,137,15,36,1,-1,-1,-1
635,84,217,410,24,60,1,-1,-1,-1
636,77,451,200,15,40,1,-1,-1,-1
636,80,579,137,15,36,1,-1,-1,-1
636,84,217,410,23,60,1,-1,-1,-1
637,77,450,200,15,40,1,-1,-1,-1
637,80,577,136,15,38,1,-1,-1,-1
637,84,216,411,24,59,1,-1,-1,-1
638,77,448,200,16,40,1,-1,-1,-1
638,80,575,136,15,38,1,-1,-1,-1
638,84,216,411,23,59,1,-1,-1,-1
639,76,545,282,26,50,1,-1,-1,-1
639,77,446,200,16,40,1,-1,-1,-1
639,84,215,410,23,59,1,-1,-1,-1
640,76,543,282,28,51,1,-1,-1,-1
640,77,444,200,16,40,1,-1,-1,-1
640,84,214,410,23,59,1,-1,-1,-1
641,76,545,281,28,51,1,-1,-1,-1
641,77,443,200,15,39,1,-1,-1,-1
641,84,213,410,23,59,1,-1,-1,-1
642,77,442,200,16,39,1,-1,-1,-1
642,84,212,410,23,60,1,-1,-1,-1
643,76,540,281,28,52,1,-1,-1,-1
643,77,441,200,16,40,1,-1,-1,-1
643,84,212,410,22,59,1,-1,-1,-1
644,76,541,281,28,52,1,-1,-1,-1
644,77,440,200,16,40,1,-1,-1,-1
644,84,212,411,22,58,1,-1,-1,-1
645,77,439,200,16,40,1,-1,-1,-1
645,84,212,411,22,58,1,-1,-1,-1
646,77,439,200,15,40,1,-1,-1,-1
646,84,212,411,22,59,1,-1,-1,-1
646,88,466,289,33,49,1,-1,-1,-1
647,77,438,200,16,40,1,-1,-1,-1
647,84,212,411,22,59,1,-1,-1,-1
647,88,469,282,34,53,1,-1,-1,-1
648,77,438,200,15,41,1,-1,-1,-1
648,84,212,411,23,59,1,-1,-1,-1
648,88,470,277,37,57,1,-1,-1,-1
649,77,438,200,15,41,1,-1,-1,-1
649,84,213,411,22,59,1,-1,-1,-1
649,88,470,276,37,58,1,-1,-1,-1
650,77,438,200,15,40,1,-1,-1,-1
650,84,214,410,22,60,1,-1,-1,-1
650,88,471,273,38,61,1,-1,-1,-1
651,77,437,200,15,40,1,-1,-1,-1
651,84,215,409,22,61,1,-1,-1,-1
652,77,437,200,14,40,1,-1,-1,-1
652,84,216,409,22,61,1,-1,-1,-1
653,84,217,408,22,62,1,-1,-1,-1
654,84,218,408,22,62,1,-1,-1,-1
655,84,219,408,22,62,1,-1,-1,-1
656,76,534,277,31,59,1,-1,-1,-1
656,84,220,408,22,62,1,-1,-1,-1
657,76,535,278,31,59,1,-1,-1,-1
657,84,222,408,22,61,1,-1,-1,-1
658,76,536,278,31,59,1,-1,-1,-1
658,84,224,408,22,59,1,-1,-1,-1
659,76,538,278,30,59,1,-1,-1,-1
659,84,227,408,21,59,1,-1,-1,-1
660,76,540,279,29,57,1,-1,-1,-1
660,84,229,408,21,58,1,-1,-1,-1
661,76,541,279,29,57,1,-1,-1,-1
661,84,229,408,22,58,1,-1,-1,-1
662,76,541,279,29,57,1,-1,-1,-1
662,84,230,407,22,59,1,-1,-1,-1
663,84,233,406,22,60,1,-1,-1,-1
664,84,236,406,22,59,1,-1,-1,-1
665,84,238,405,23,61,1,-1,-1,-1
666,84,239,404,23,62,1,-1,-1,-1
667,84,241,405,23,61,1,-1,-1,-1
668,72,55,194,17,38,1,-1,-1,-1
668,84,244,405,22,60,1,-1,-1,-1
669,72,56,190,17,38,1,-1,-1,-1
669,84,246,405,23,60,1,-1,-1,-1
670,84,249,405,23,59,1,-1,-1,-1
671,84,250,405,23,59,1,-1,-1,-1
672,84,251,404,24,60,1,-1,-1,-1
673,84,253,404,24,60,1,-1,-1,-1
674,84,256,404,23,60,1,-1,-1,-1
675,76,557,275,31,62,1,-1,-1,-1
675,84,257,403,24,61,1,-1,-1,-1
676,76,558,274,31,64,1,-1,-1,-1
676,77,459,200,24,70,1,-1,-1,-1
676,84,260,403,24,61,1,-1,-1,-1
677,77,460,200,23,71,1,-1,-1,-1
677,84,260,403,25,61,1,-1,-1,-1
678,77,461,201,23,71,1,-1,-1,-1
678,84,263,403,24,61,1,-1,-1,-1
678,88,614,140,24,40,1,-1,-1,-1
679,77,464,202,22,70,1,-1,-1,-1
679,84,265,403,25,61,1,-1,-1,-1
679,88,620,135,23,39,1,-1,-1,-1
680,77,467,202,21,70,1,-1,-1,-1
680,84,268,403,25,60,1,-1,-1,-1
681,77,468,202,21,71,1,-1,-1,-1
681,84,271,403,25,60,1,-1,-1,-1
681,88,625,140,21,37,1,-1,-1,-1
682,84,272,403,25,60,1,-1,-1,-1
682,88,625,140,22,37,1,-1,-1,-1
683,84,275,403,25,61,1,-1,-1,-1
683,88,628,139,21,39,1,-1,-1,-1
684,84,277,403,25,61,1,-1,-1,-1
684,88,631,137,21,39,1,-1,-1,-1
685,84,280,402,25,62,1,-1,-1,-1
685,88,635,140,20,38,1,-1,-1,-1
686,84,283,402,25,62,1,-1,-1,-1
686,88,637,140,21,39,1,-1,-1,-1
687,84,286,402,25,62,1,-1,-1,-1
687,88,641,140,20,39,1,-1,-1,-1
688,84,288,403,25,61,1,-1,-1,-1
688,88,643,140,20,39,1,-1,-1,-1
689,84,289,403,24,60,1,-1,-1,-1
689,88,644,140,20,39,1,-1,-1,-1
690,84,292,403,24,60,1,-1,-1,-1
690,88,648,140,19,39,1,-1,-1,-1
691,84,294,403,25,60,1,-1,-1,-1
691,88,650,140,20,38,1,-1,-1,-1
692,84,297,402,25,62,1,-1,-1,-1
693,84,299,402,25,62,1,-1,-1,-1
693,88,656,141,18,37,1,-1,-1,-1
694,84,301,402,25,62,1,-1,-1,-1
694,88,658,141,19,39,1,-1,-1,-1
695,84,302,402,25,63,1,-1,-1,-1
695,88,659,141,19,39,1,-1,-1,-1
696,84,304,402,24,63,1,-1,-1,-1
696,88,661,141,18,38,1,-1,-1,-1
697,84,306,403,25,62,1,-1,-1,-1
697,88,663,141,18,38,1,-1,-1,-1
698,84,308,403,24,62,1,-1,-1,-1
698,88,666,142,18,37,1,-1,-1,-1
699,77,531,290,19,55,1,-1,-1,-1
699,84,309,403,25,62,1,-1,-1,-1
699,88,669,142,17,37,1,-1,-1,-1
700,77,535,295,18,53,1,-1,-1,-1
700,84,311,404,25,61,1,-1,-1,-1
701,84,312,403,24,62,1,-1,-1,-1
702,84,313,403,24,62,1,-1,-1,-1
702,88,671,143,17,36,1,-1,-1,-1
703,84,314,403,24,62,1,-1,-1,-1
703,88,672,144,17,34,1,-1,-1,-1
704,80,374,264,23,61,1,-1,-1,-1
704,84,315,403,24,62,1,-1,-1,-1
704,88,674,144,17,34,1,-1,-1,-1
705,80,370,267,24,61,1,-1,-1,-1
705,84,316,404,24,61,1,-1,-1,-1
706,84,316,404,24,61,1,-1,-1,-1
706,88,675,144,17,34,1,-1,-1,-1
707,84,316,404,24,61,1,-1,-1,-1
707,88,675,144,17,34,1,-1,-1,-1
708,84,316,404,24,61,1,-1,-1,-1
708,88,675,144,17,34,1,-1,-1,-1
709,84,316,404,24,61,1,-1,-1,-1
709,88,675,144,17,34,1,-1,-1,-1
710,84,316,404,24,62,1,-1,-1,-1
710,88,676,144,17,34,1,-1,-1,-1
711,84,316,404,24,62,1,-1,-1,-1
711,88,677,144,17,34,1,-1,-1,-1
712,84,316,404,24,61,1,-1,-1,-1
713,84,316,404,24,61,1,-1,-1,-1
714,84,316,404,24,61,1,-1,-1,-1
715,84,316,404,24,62,1,-1,-1,-1
715,88,677,144,17,34,1,-1,-1,-1
716,84,316,404,24,62,1,-1,-1,-1
716,88,678,145,16,33,1,-1,-1,-1
717,84,316,404,24,62,1,-1,-1,-1
717,88,677,145,17,33,1,-1,-1,-1
718,84,315,404,24,62,1,-1,-1,-1
718,88,678,145,17,33,1,-1,-1,-1
719,84,315,404,24,62,1,-1,-1,-1
720,84,315,404,24,62,1,-1,-1,-1
721,84,315,404,24,62,1,-1,-1,-1
722,84,315,404,24,62,1,-1,-1,-1
723,84,315,404,24,62,1,-1,-1,-1
724,84,314,404,24,62,1,-1,-1,-1
725,84,314,404,23,62,1,-1,-1,-1
726,84,314,405,23,61,1,-1,-1,-1
727,84,313,405,24,61,1,-1,-1,-1
728,84,313,405,24,61,1,-1,-1,-1
729,84,313,405,23,60,1,-1,-1,-1
730,84,312,405,24,60,1,-1,-1,-1
731,84,312,405,24,60,1,-1,-1,-1
732,84,312,405,24,60,1,-1,-1,-1
733,84,312,405,24,60,1,-1,-1,-1
734,84,312,405,24,60,1,-1,-1,-1
735,84,312,405,24,61,1,-1,-1,-1
736,84,312,405,24,61,1,-1,-1,-1
737,84,312,405,24,61,1,-1,-1,-1
738,84,311,405,23,61,1,-1,-1,-1
739,84,310,406,23,60,1,-1,-1,-1
740,84,310,406,23,60,1,-1,-1,-1
741,84,308,407,23,59,1,-1,-1,-1
742,84,307,406,23,60,1,-1,-1,-1
743,84,306,406,24,60,1,-1,-1,-1
744,84,305,406,24,60,1,-1,-1,-1
745,84,304,406,23,60,1,-1,-1,-1
746,84,302,407,23,60,1,-1,-1,-1
747,84,300,407,24,61,1,-1,-1,-1
748,84,297,408,24,61,1,-1,-1,-1
749,84,296,408,25,61,1,-1,-1,-1
750,84,294,408,24,62,1,-1,-1,-1
751,84,292,409,24,61,1,-1,-1,-1
752,84,289,410,24,61,1,-1,-1,-1
753,84,285,411,25,61,1,-1,-1,-1
754,84,282,412,24,61,1,-1,-1,-1
755,84,280,412,25,62,1,-1,-1,-1
756,84,278,413,25,62,1,-1,-1,-1
757,84,275,414,24,62,1,-1,-1,-1
758,84,270,415,25,61,1,-1,-1,-1
759,84,267,415,25,62,1,-1,-1,-1
760,84,265,414,25,64,1,-1,-1,-1
761,84,264,414,25,64,1,-1,-1,-1
762,84,261,414,25,64,1,-1,-1,-1
763,84,258,415,25,63,1,-1,-1,-1
764,84,256,415,25,63,1,-1,-1,-1
765,84,254,416,24,63,1,-1,-1,-1
767,80,14,255,16,44,1,-1,-1,-1
767,84,250,418,23,59,1,-1,-1,-1
768,80,14,254,15,44,1,-1,-1,-1
768,84,248,418,23,59,1,-1,-1,-1
769,80,10,254,16,44,1,-1,-1,-1
769,84,246,418,24,59,1,-1,-1,-1
770,80,5,253,16,44,1,-1,-1,-1
770,84,244,418,24,60,1,-1,-1,-1
771,84,241,418,24,60,1,-1,-1,-1
772,84,239,418,24,60,1,-1,-1,-1
773,84,238,418,24,60,1,-1,-1,-1
774,84,237,419,24,60,1,-1,-1,-1
775,84,236,419,25,60,1,-1,-1,-1
776,84,236,419,24,60,1,-1,-1,-1
777,84,235,419,24,59,1,-1,-1,-1
778,84,235,420,24,58,1,-1,-1,-1
779,84,235,421,23,58,1,-1,-1,-1
780,84,234,421,24,58,1,-1,-1,-1
781,84,235,421,24,59,1,-1,-1,-1
782,84,236,421,23,59,1,-1,-1,-1
783,84,237,421,23,59,1,-1,-1,-1
784,84,238,422,23,58,1,-1,-1,-1
785,84,238,422,24,59,1,-1,-1,-1
786,84,239,422,23,59,1,-1,-1,-1
787,84,240,422,23,60,1,-1,-1,-1
788,84,241,423,24,60,1,-1,-1,-1
789,84,242,424,24,60,1,-1,-1,-1
790,84,243,425,24,59,1,-1,-1,-1
791,84,243,426,24,58,1,-1,-1,-1
792,84,244,426,24,59,1,-1,-1,-1
793,80,-1,259,14,44,1,-1,-1,-1
793,84,243,426,25,59,1,-1,-1,-1
794,80,-1,259,14,44,1,-1,-1,-1
794,84,243,426,25,59,1,-1,-1,-1
795,80,-1,259,14,44,1,-1,-1,-1
795,84,244,427,24,59,1,-1,-1,-1
796,84,244,427,24,59,1,-1,-1,-1
797,84,244,428,25,61,1,-1,-1,-1
798,84,244,428,26,61,1,-1,-1,-1
799,84,245,429,25,61,1,-1,-1,-1
800,84,245,430,25,60,1,-1,-1,-1
801,84,245,431,25,60,1,-1,-1,-1
802,84,245,432,25,60,1,-1,-1,-1
803,84,245,433,25,59,1,-1,-1,-1
804,84,245,433,25,60,1,-1,-1,-1
805,84,245,433,24,60,1,-1,-1,-1
806,84,246,434,23,59,1,-1,-1,-1
807,84,246,435,24,58,1,-1,-1,-1
808,84,246,436,24,57,1,-1,-1,-1
809,84,247,437,23,57,1,-1,-1,-1
810,84,247,437,23,57,1,-1,-1,-1
811,84,247,437,24,57,1,-1,-1,-1
812,84,248,437,23,58,1,-1,-1,-1
813,84,248,438,23,57,1,-1,-1,-1
814,84,248,439,24,58,1,-1,-1,-1
815,84,249,439,23,58,1,-1,-1,-1
816,84,249,440,24,58,1,-1,-1,-1
817,84,249,440,24,58,1,-1,-1,-1
819,84,249,442,26,63,1,-1,-1,-1
820,84,250,443,26,65,1,-1,-1,-1
821,84,250,444,27,66,1,-1,-1,-1
822,84,250,445,27,65,1,-1,-1,-1
823,84,251,445,26,64,1,-1,-1,-1
824,84,252,446,26,63,1,-1,-1,-1
825,84,252,447,26,63,1,-1,-1,-1
826,84,252,448,27,63,1,-1,-1,-1
827,84,253,449,26,64,1,-1,-1,-1
828,84,253,449,27,65,1,-1,-1,-1
829,84,253,450,27,63,1,-1,-1,-1
829,93,482,193,20,33,1,-1,-1,-1
830,84,254,450,26,63,1,-1,-1,-1
830,93,481,192,21,35,1,-1,-1,-1
833,93,480,192,21,35,1,-1,-1,-1
834,93,480,191,21,36,1,-1,-1,-1
835,93,481,191,21,36,1,-1,-1,-1
836,80,107,247,15,41,1,-1,-1,-1
836,93,480,190,22,37,1,-1,-1,-1
837,80,110,246,15,41,1,-1,-1,-1
837,84,257,456,30,74,1,-1,-1,-1
838,84,258,457,30,74,1,-1,-1,-1
838,93,486,190,21,37,1,-1,-1,-1
839,93,487,190,21,39,1,-1,-1,-1
840,93,487,190,21,39,1,-1,-1,-1
841,93,488,190,21,40,1,-1,-1,-1
848,95,38,228,13,38,1,-1,-1,-1
849,95,40,229,12,37,1,-1,-1,-1
851,95,42,233,12,33,1,-1,-1,-1
852,95,43,234,11,32,1,-1,-1,-1
853,93,495,189,16,32,1,-1,-1,-1
853,95,43,235,12,32,1,-1,-1,-1
855,93,495,189,17,32,1,-1,-1,-1
855,95,45,236,12,32,1,-1,-1,-1
856,95,46,236,12,33,1,-1,-1,-1
857,95,47,236,12,33,1,-1,-1,-1
858,95,47,236,13,33,1,-1,-1,-1
863,95,48,237,13,32,1,-1,-1,-1
870,97,444,185,15,33,1,-1,-1,-1
871,97,443,185,15,33,1,-1,-1,-1
873,97,441,184,15,33,1,-1,-1,-1
875,98,505,233,13,34,1,-1,-1,-1
876,95,74,228,14,37,1,-1,-1,-1
876,98,505,232,13,33,1,-1,-1,-1
877,95,77,228,13,36,1,-1,-1,-1
877,98,504,232,12,32,1,-1,-1,-1
878,95,79,227,14,37,1,-1,-1,-1
878,98,502,231,13,33,1,-1,-1,-1
879,98,502,230,13,34,1,-1,-1,-1
880,98,500,229,14,34,1,-1,-1,-1
881,98,500,228,14,35,1,-1,-1,-1
882,98,499,227,14,35,1,-1,-1,-1
892,98,499,226,14,36,1,-1,-1,-1
896,93,556,211,21,40,1,-1,-1,-1
897,93,554,212,21,39,1,-1,-1,-1
898,93,556,214,22,38,1,-1,-1,-1
902,80,283,203,13,35,1,-1,-1,-1
909,80,288,201,13,35,1,-1,-1,-1
913,97,365,196,15,34,1,-1,-1,-1
914,97,361,196,16,35,1,-1,-1,-1
917,97,353,195,15,35,1,-1,-1,-1
918,97,350,195,15,35,1,-1,-1,-1
919,97,347,195,15,34,1,-1,-1,-1
919,106,366,178,22,52,1,-1,-1,-1
920,97,347,196,14,32,1,-1,-1,-1
920,106,362,177,23,54,1,-1,-1,-1
921,97,346,196,14,32,1,-1,-1,-1
921,106,360,179,22,50,1,-1,-1,-1
922,97,341,195,15,32,1,-1,-1,-1
922,106,364,188,18,42,1,-1,-1,-1
923,80,356,178,16,37,1,-1,-1,-1
923,97,338,195,15,32,1,-1,-1,-1
923,106,363,191,17,39,1,-1,-1,-1
924,80,356,176,17,38,1,-1,-1,-1
924,97,337,196,15,31,1,-1,-1,-1
924,106,362,192,17,38,1,-1,-1,-1
925,80,363,174,16,38,1,-1,-1,-1
925,97,336,196,15,30,1,-1,-1,-1
925,106,362,192,16,37,1,-1,-1,-1
926,97,332,194,15,32,1,-1,-1,-1
926,106,361,192,17,36,1,-1,-1,-1
927,97,329,193,16,34,1,-1,-1,-1
927,98,430,188,18,44,1,-1,-1,-1
927,106,362,191,16,37,1,-1,-1,-1
927,109,565,189,17,35,1,-1,-1,-1
927,110,347,176,17,37,1,-1,-1,-1
928,97,326,193,16,34,1,-1,-1,-1
928,98,427,186,17,44,1,-1,-1,-1
928,106,361,191,17,39,1,-1,-1,-1
928,109,565,188,17,35,1,-1,-1,-1
928,110,345,175,18,38,1,-1,-1,-1
929,106,361,191,17,41,1,-1,-1,-1
929,109,565,187,16,36,1,-1,-1,-1
929,110,343,175,18,38,1,-1,-1,-1
929,111,302,323,23,53,1,-1,-1,-1
930,106,361,191,17,42,1,-1,-1,-1
930,109,565,186,16,37,1,-1,-1,-1
930,110,343,174,18,39,1,-1,-1,-1
930,111,301,324,23,53,1,-1,-1,-1
931,106,360,191,17,42,1,-1,-1,-1
931,109,565,186,16,37,1,-1,-1,-1
931,110,341,174,18,39,1,-1,-1,-1
931,111,300,324,24,53,1,-1,-1,-1
932,84,278,242,20,53,1,-1,-1,-1
932,106,359,191,17,43,1,-1,-1,-1
932,109,565,185,16,37,1,-1,-1,-1
932,110,340,174,18,39,1,-1,-1,-1
932,111,300,324,23,54,1,-1,-1,-1
933,84,278,236,20,52,1,-1,-1,-1
933,106,359,191,17,43,1,-1,-1,-1
933,109,564,185,17,37,1,-1,-1,-1
933,110,339,174,18,40,1,-1,-1,-1
933,111,298,324,24,54,1,-1,-1,-1
934,106,359,191,16,44,1,-1,-1,-1
934,109,565,185,16,36,1,-1,-1,-1
934,110,339,174,18,40,1,-1,-1,-1
934,111,297,324,24,55,1,-1,-1,-1
935,97,316,194,16,35,1,-1,-1,-1
935,98,419,185,17,40,1,-1,-1,-1
935,106,359,192,15,42,1,-1,-1,-1
935,109,565,185,16,36,1,-1,-1,-1
935,110,338,174,18,40,1,-1,-1,-1
935,111,296,324,24,55,1,-1,-1,-1
936,97,316,194,16,36,1,-1,-1,-1
936,98,419,185,17,41,1,-1,-1,-1
936,106,359,192,15,42,1,-1,-1,-1
936,109,565,185,17,36,1,-1,-1,-1
936,110,338,174,17,40,1,-1,-1,-1
936,111,296,325,23,54,1,-1,-1,-1
937,97,316,195,16,36,1,-1,-1,-1
937,98,419,184,16,39,1,-1,-1,-1
937,106,359,192,15,41,1,-1,-1,-1
937,109,565,185,17,36,1,-1,-1,-1
937,110,337,174,18,40,1,-1,-1,-1
937,111,295,325,24,55,1,-1,-1,-1
937,112,153,198,12,41,1,-1,-1,-1
938,95,231,247,16,44,1,-1,-1,-1
938,97,315,195,15,35,1,-1,-1,-1
938,98,418,183,16,38,1,-1,-1,-1
938,106,360,193,15,43,1,-1,-1,-1
938,110,336,174,19,41,1,-1,-1,-1
938,111,295,325,24,56,1,-1,-1,-1
938,112,152,197,12,41,1,-1,-1,-1
939,95,233,248,16,44,1,-1,-1,-1
939,97,314,194,15,36,1,-1,-1,-1
939,98,418,183,15,37,1,-1,-1,-1
939,106,360,194,15,43,1,-1,-1,-1
939,110,336,173,18,42,1,-1,-1,-1
939,111,295,325,24,57,1,-1,-1,-1
939,112,150,196,12,41,1,-1,-1,-1
940,95,234,248,16,44,1,-1,-1,-1
940,97,313,194,15,36,1,-1,-1,-1
940,98,417,182,16,39,1,-1,-1,-1
940,106,360,194,16,44,1,-1,-1,-1
940,110,336,173,18,42,1,-1,-1,-1
940,111,295,325,24,57,1,-1,-1,-1
940,112,149,196,12,41,1,-1,-1,-1
941,95,234,248,17,44,1,-1,-1,-1
941,97,313,194,15,37,1,-1,-1,-1
941,98,416,182,17,39,1,-1,-1,-1
941,106,361,194,15,44,1,-1,-1,-1
941,110,336,173,18,42,1,-1,-1,-1
941,111,294,325,24,57,1,-1,-1,-1
941,112,147,195,13,42,1,-1,-1,-1
942,95,234,248,17,44,1,-1,-1,-1
942,97,313,193,15,38,1,-1,-1,-1
942,98,416,181,16,40,1,-1,-1,-1
942,106,361,195,16,44,1,-1,-1,-1
942,110,336,173,18,43,1,-1,-1,-1
942,112,147,195,12,42,1,-1,-1,-1
943,95,233,248,18,45,1,-1,-1,-1
943,97,312,193,15,39,1,-1,-1,-1
943,98,415,181,16,39,1,-1,-1,-1
943,106,361,195,16,44,1,-1,-1,-1
943,110,336,173,18,43,1,-1,-1,-1
943,112,146,195,13,43,1,-1,-1,-1
944,95,233,248,18,45,1,-1,-1,-1
944,97,312,193,15,39,1,-1,-1,-1
944,106,361,195,16,44,1,-1,-1,-1
944,110,336,173,18,43,1,-1,-1,-1
944,112,146,195,14,44,1,-1,-1,-1
945,95,233,248,18,48,1,-1,-1,-1
945,97,311,194,15,41,1,-1,-1,-1
945,106,362,195,15,43,1,-1,-1,-1
945,110,336,174,17,43,1,-1,-1,-1
945,112,146,196,13,44,1,-1,-1,-1
946,95,232,249,19,48,1,-1,-1,-1
946,97,311,195,15,42,1,-1,-1,-1
946,106,363,196,15,42,1,-1,-1,-1
946,109,571,182,19,42,1,-1,-1,-1
946,110,336,174,17,43,1,-1,-1,-1
946,112,145,196,13,44,1,-1,-1,-1
947,95,232,249,19,49,1,-1,-1,-1
947,97,311,195,15,42,1,-1,-1,-1
947,106,363,196,15,43,1,-1,-1,-1
947,109,572,183,18,41,1,-1,-1,-1
947,110,336,174,16,44,1,-1,-1,-1
948,95,232,250,19,48,1,-1,-1,-1
948,97,311,195,15,43,1,-1,-1,-1
948,106,364,197,14,42,1,-1,-1,-1
948,109,573,183,18,41,1,-1,-1,-1
948,110,336,174,16,44,1,-1,-1,-1
949,95,232,250,18,48,1,-1,-1,-1
949,97,311,196,15,42,1,-1,-1,-1
949,106,364,197,15,40,1,-1,-1,-1
949,109,573,183,18,41,1,-1,-1,-1
949,110,336,175,16,43,1,-1,-1,-1
950,95,231,250,19,49,1,-1,-1,-1
950,97,310,196,15,42,1,-1,-1,-1
950,106,364,197,15,40,1,-1,-1,-1
950,109,574,183,18,41,1,-1,-1,-1
950,110,336,175,16,44,1,-1,-1,-1
951,95,231,250,19,50,1,-1,-1,-1
951,97,310,196,15,43,1,-1,-1,-1
951,106,365,198,15,40,1,-1,-1,-1
951,109,574,183,19,42,1,-1,-1,-1
951,110,336,176,16,43,1,-1,-1,-1
952,95,231,251,19,49,1,-1,-1,-1
952,97,310,197,14,42,1,-1,-1,-1
952,106,365,198,15,41,1,-1,-1,-1
952,109,574,183,18,42,1,-1,-1,-1
952,110,334,176,17,44,1,-1,-1,-1
952,112,138,197,17,55,1,-1,-1,-1
953,95,232,251,19,50,1,-1,-1,-1
953,97,309,198,14,41,1,-1,-1,-1
953,106,365,198,15,43,1,-1,-1,-1
953,109,574,182,19,44,1,-1,-1,-1
953,110,334,177,16,43,1,-1,-1,-1
953,112,138,199,16,53,1,-1,-1,-1
954,97,309,198,14,41,1,-1,-1,-1
954,106,365,199,15,42,1,-1,-1,-1
954,109,574,182,19,44,1,-1,-1,-1
954,110,334,177,16,43,1,-1,-1,-1
954,112,138,199,16,53,1,-1,-1,-1
955,97,309,198,14,41,1,-1,-1,-1
955,106,365,199,18,47,1,-1,-1,-1
955,109,574,182,20,45,1,-1,-1,-1
955,110,334,177,15,43,1,-1,-1,-1
955,112,137,200,16,53,1,-1,-1,-1
956,84,257,175,14,40,1,-1,-1,-1
956,97,309,199,14,40,1,-1,-1,-1
956,98,417,184,17,42,1,-1,-1,-1
956,106,366,199,17,48,1,-1,-1,-1
956,109,575,182,19,45,1,-1,-1,-1
956,110,333,177,16,44,1,-1,-1,-1
956,112,137,200,16,51,1,-1,-1,-1
957,84,256,173,14,39,1,-1,-1,-1
957,97,308,199,14,41,1,-1,-1,-1
957,98,417,184,17,42,1,-1,-1,-1
957,106,366,199,17,45,1,-1,-1,-1
957,109,575,182,19,46,1,-1,-1,-1
957,110,333,178,17,45,1,-1,-1,-1
957,112,136,201,16,50,1,-1,-1,-1
958,97,308,200,14,41,1,-1,-1,-1
958,98,417,185,18,45,1,-1,-1,-1
958,106,367,199,16,45,1,-1,-1,-1
958,109,575,186,18,44,1,-1,-1,-1
958,110,333,179,17,45,1,-1,-1,-1
958,112,132,201,16,48,1,-1,-1,-1
959,97,308,201,14,40,1,-1,-1,-1
959,98,417,186,18,45,1,-1,-1,-1
959,109,575,186,19,44,1,-1,-1,-1
959,110,333,179,17,46,1,-1,-1,-1
959,112,131,201,15,49,1,-1,-1,-1
960,97,308,201,14,40,1,-1,-1,-1
960,98,418,186,17,45,1,-1,-1,-1
960,110,333,179,17,47,1,-1,-1,-1
960,112,131,202,15,48,1,-1,-1,-1
961,97,307,201,15,42,1,-1,-1,-1
961,98,418,187,17,44,1,-1,-1,-1
961,110,332,179,18,47,1,-1,-1,-1
961,112,129,202,16,48,1,-1,-1,-1
961,114,142,212,16,40,1,-1,-1,-1
962,97,306,202,15,43,1,-1,-1,-1
962,110,332,180,18,47,1,-1,-1,-1
962,111,299,337,23,58,1,-1,-1,-1
962,112,128,203,16,48,1,-1,-1,-1
962,114,142,211,17,42,1,-1,-1,-1
963,97,306,203,15,43,1,-1,-1,-1
963,98,419,191,17,40,1,-1,-1,-1
963,110,332,180,17,48,1,-1,-1,-1
963,111,298,338,24,58,1,-1,-1,-1
963,112,127,204,15,47,1,-1,-1,-1
963,114,141,210,18,44,1,-1,-1,-1
964,97,305,204,15,42,1,-1,-1,-1
964,98,420,191,16,40,1,-1,-1,-1
964,110,331,181,18,47,1,-1,-1,-1
964,111,298,339,24,59,1,-1,-1,-1
964,112,126,205,15,46,1,-1,-1,-1
965,93,535,209,19,33,1,-1,-1,-1
965,97,304,205,16,43,1,-1,-1,-1
965,110,332,182,16,46,1,-1,-1,-1
965,111,297,339,25,60,1,-1,-1,-1
966,93,534,208,20,33,1,-1,-1,-1
966,97,304,206,15,43,1,-1,-1,-1
966,110,332,183,16,45,1,-1,-1,-1
966,111,297,340,25,60,1,-1,-1,-1
967,93,534,209,20,33,1,-1,-1,-1
967,97,304,206,15,43,1,-1,-1,-1
967,98,421,193,16,39,1,-1,-1,-1
967,110,332,183,16,45,1,-1,-1,-1
967,111,297,340,25,60,1,-1,-1,-1
968,93,533,209,20,33,1,-1,-1,-1
968,97,304,206,15,43,1,-1,-1,-1
968,98,420,193,17,39,1,-1,-1,-1
968,110,331,184,17,44,1,-1,-1,-1
968,111,297,343,25,60,1,-1,-1,-1
969,97,303,207,16,44,1,-1,-1,-1
969,98,420,193,17,39,1,-1,-1,-1
969,110,331,184,18,47,1,-1,-1,-1
969,111,297,343,25,61,1,-1,-1,-1
970,97,302,207,17,46,1,-1,-1,-1
970,98,420,194,17,38,1,-1,-1,-1
970,110,331,185,18,47,1,-1,-1,-1
970,111,297,344,25,61,1,-1,-1,-1
971,97,302,208,16,46,1,-1,-1,-1
971,98,421,194,17,39,1,-1,-1,-1
971,110,331,185,18,48,1,-1,-1,-1
971,111,296,345,25,61,1,-1,-1,-1
972,97,301,208,17,46,1,-1,-1,-1
972,98,421,194,17,39,1,-1,-1,-1
972,110,331,185,18,49,1,-1,-1,-1
972,111,296,346,25,61,1,-1,-1,-1
973,97,301,208,16,47,1,-1,-1,-1
973,98,421,194,17,38,1,-1,-1,-1
973,106,365,207,16,45,1,-1,-1,-1
973,110,331,185,18,49,1,-1,-1,-1
973,111,296,347,24,60,1,-1,-1,-1
974,97,301,209,16,46,1,-1,-1,-1
974,98,422,194,16,38,1,-1,-1,-1
974,106,364,208,17,45,1,-1,-1,-1
974,110,330,186,18,49,1,-1,-1,-1
974,111,295,347,25,61,1,-1,-1,-1
975,97,301,210,16,45,1,-1,-1,-1
975,106,364,209,16,45,1,-1,-1,-1
975,110,329,187,19,49,1,-1,-1,-1
975,111,295,347,25,61,1,-1,-1,-1
976,97,301,210,16,45,1,-1,-1,-1
976,106,364,210,16,44,1,-1,-1,-1
976,110,329,187,19,50,1,-1,-1,-1
976,111,295,347,24,61,1,-1,-1,-1
977,97,301,211,15,44,1,-1,-1,-1
977,106,364,211,15,44,1,-1,-1,-1
977,109,571,195,20,46,1,-1,-1,-1
977,110,330,188,18,49,1,-1,-1,-1
977,111,295,348,24,61,1,-1,-1,-1
978,97,300,211,16,44,1,-1,-1,-1
978,106,363,211,16,44,1,-1,-1,-1
978,109,570,196,21,46,1,-1,-1,-1
978,110,330,188,18,49,1,-1,-1,-1
978,111,295,349,24,60,1,-1,-1,-1
979,97,300,211,16,44,1,-1,-1,-1
979,106,363,211,16,44,1,-1,-1,-1
979,109,570,196,21,46,1,-1,-1,-1
979,110,329,188,19,49,1,-1,-1,-1
979,111,296,349,23,60,1,-1,-1,-1
980,97,300,211,16,45,1,-1,-1,-1
980,106,362,211,16,45,1,-1,-1,-1
980,110,329,188,18,49,1,-1,-1,-1
980,111,296,349,22,60,1,-1,-1,-1
981,97,299,211,16,46,1,-1,-1,-1
981,106,361,211,16,45,1,-1,-1,-1
981,110,328,188,18,49,1,-1,-1,-1
981,111,295,350,23,59,1,-1,-1,-1
981,116,419,196,21,72,1,-1,-1,-1
982,97,298,211,16,45,1,-1,-1,-1
982,106,360,210,16,46,1,-1,-1,-1
982,110,327,188,18,49,1,-1,-1,-1
982,111,295,350,23,60,1,-1,-1,-1
982,116,418,196,21,73,1,-1,-1,-1
983,97,297,211,17,45,1,-1,-1,-1
983,106,358,210,17,47,1,-1,-1,-1
983,110,327,188,18,49,1,-1,-1,-1
983,111,294,351,23,59,1,-1,-1,-1
983,116,417,196,21,73,1,-1,-1,-1
984,97,297,211,17,46,1,-1,-1,-1
984,106,358,211,16,46,1,-1,-1,-1
984,110,327,188,17,49,1,-1,-1,-1
984,111,294,351,23,59,1,-1,-1,-1
985,97,296,211,17,46,1,-1,-1,-1
985,106,357,211,16,46,1,-1,-1,-1
985,110,326,188,18,49,1,-1,-1,-1
985,111,294,351,22,59,1,-1,-1,-1
985,116,415,196,22,74,1,-1,-1,-1
985,117,143,389,24,65,1,-1,-1,-1
986,97,296,211,17,46,1,-1,-1,-1
986,106,356,210,17,47,1,-1,-1,-1
986,110,326,188,17,49,1,-1,-1,-1
986,111,293,353,22,57,1,-1,-1,-1
986,116,414,196,22,74,1,-1,-1,-1
986,117,143,388,25,66,1,-1,-1,-1
987,97,296,211,16,46,1,-1,-1,-1
987,106,355,210,18,47,1,-1,-1,-1
987,110,325,188,17,49,1,-1,-1,-1
987,111,293,354,22,57,1,-1,-1,-1
987,117,144,388,25,67,1,-1,-1,-1
988,97,295,211,17,46,1,-1,-1,-1
988,106,354,210,17,47,1,-1,-1,-1
988,110,325,188,17,49,1,-1,-1,-1
988,112,99,211,14,47,1,-1,-1,-1
988,114,128,200,19,50,1,-1,-1,-1
988,117,145,391,25,64,1,-1,-1,-1
989,97,295,211,17,46,1,-1,-1,-1
989,106,354,210,16,47,1,-1,-1,-1
989,110,324,188,17,48,1,-1,-1,-1
989,112,98,211,14,47,1,-1,-1,-1
989,114,127,198,19,52,1,-1,-1,-1
989,117,146,392,25,64,1,-1,-1,-1
990,97,295,211,17,47,1,-1,-1,-1
990,106,353,210,17,47,1,-1,-1,-1
990,110,324,188,16,48,1,-1,-1,-1
990,112,97,211,15,48,1,-1,-1,-1
990,114,127,197,19,53,1,-1,-1,-1
990,117,146,393,25,64,1,-1,-1,-1
991,93,532,214,22,38,1,-1,-1,-1
991,97,295,211,17,47,1,-1,-1,-1
991,98,406,221,20,49,1,-1,-1,-1
991,106,353,209,17,48,1,-1,-1,-1
991,109,558,192,20,43,1,-1,-1,-1
991,110,323,188,17,48,1,-1,-1,-1
991,112,96,211,15,48,1,-1,-1,-1
991,114,128,197,17,49,1,-1,-1,-1
991,116,417,196,16,56,1,-1,-1,-1
991,117,147,393,25,64,1,-1,-1,-1
992,93,532,215,22,38,1,-1,-1,-1
992,97,295,211,17,47,1,-1,-1,-1
992,98,405,223,20,49,1,-1,-1,-1
992,106,353,209,17,48,1,-1,-1,-1
992,109,557,192,20,42,1,-1,-1,-1
992,110,323,188,17,48,1,-1,-1,-1
992,112,95,211,15,48,1,-1,-1,-1
992,114,127,196,17,48,1,-1,-1,-1
992,116,417,197,16,53,1,-1,-1,-1
993,97,294,211,16,47,1,-1,-1,-1
993,106,353,209,17,48,1,-1,-1,-1
993,109,557,191,20,44,1,-1,-1,-1
993,110,323,188,16,48,1,-1,-1,-1
993,112,94,211,15,48,1,-1,-1,-1
993,114,127,196,16,47,1,-1,-1,-1
993,116,416,197,14,45,1,-1,-1,-1
994,97,293,211,17,47,1,-1,-1,-1
994,106,352,209,17,48,1,-1,-1,-1
994,109,556,191,20,44,1,-1,-1,-1
994,110,322,188,16,47,1,-1,-1,-1
994,112,93,211,14,48,1,-1,-1,-1
994,114,126,196,16,47,1,-1,-1,-1
994,116,416,197,13,43,1,-1,-1,-1
995,97,292,212,18,49,1,-1,-1,-1
995,106,352,209,16,48,1,-1,-1,-1
995,109,557,194,20,42,1,-1,-1,-1
995,110,322,188,15,47,1,-1,-1,-1
995,112,92,211,14,48,1,-1,-1,-1
995,114,126,196,15,46,1,-1,-1,-1
995,116,416,197,13,43,1,-1,-1,-1
996,97,293,212,16,47,1,-1,-1,-1
996,106,351,210,17,47,1,-1,-1,-1
996,109,556,195,20,41,1,-1,-1,-1
996,110,321,188,16,47,1,-1,-1,-1
996,112,92,211,14,48,1,-1,-1,-1
996,116,416,197,14,44,1,-1,-1,-1
997,97,292,212,17,46,1,-1,-1,-1
997,106,351,210,17,48,1,-1,-1,-1
997,110,321,188,16,47,1,-1,-1,-1
997,112,91,211,15,47,1,-1,-1,-1
997,116,415,197,15,44,1,-1,-1,-1
998,95,204,269,22,58,1,-1,-1,-1
998,97,292,212,16,45,1,-1,-1,-1
998,106,350,210,17,48,1,-1,-1,-1
998,110,320,188,16,47,1,-1,-1,-1
998,112,89,211,15,47,1,-1,-1,-1
998,116,415,197,15,44,1,-1,-1,-1
999,95,204,270,22,57,1,-1,-1,-1
999,97,292,212,16,45,1,-1,-1,-1
999,106,350,210,17,48,1,-1,-1,-1
999,110,319,188,17,48,1,-1,-1,-1
999,112,88,211,15,47,1,-1,-1,-1
999,116,415,198,15,44,1,-1,-1,-1
999,117,155,392,27,69,1,-1,-1,-1
1000,95,203,271,22,56,1,-1,-1,-1
1000,97,290,212,15,45,1,-1,-1,-1
1000,106,350,210,16,49,1,-1,-1,-1
1000,110,319,188,16,49,1,-1,-1,-1
1000,112,87,211,15,47,1,-1,-1,-1
1000,116,414,198,15,43,1,-1,-1,-1
1000,117,157,392,26,68,1,-1,-1,-1
1001,95,202,272,23,58,1,-1,-1,-1
1001,97,289,212,15,45,1,-1,-1,-1
1001,106,349,211,17,48,1,-1,-1,-1
1001,110,318,188,16,49,1,-1,-1,-1
1001,112,85,211,16,48,1,-1,-1,-1
1001,117,158,392,26,69,1,-1,-1,-1
1002,95,202,273,23,58,1,-1,-1,-1
1002,97,289,212,15,45,1,-1,-1,-1
1002,106,348,211,17,48,1,-1,-1,-1
1002,110,317,188,17,50,1,-1,-1,-1
1002,112,85,211,15,48,1,-1,-1,-1
1002,117,159,393,26,65,1,-1,-1,-1
1003,95,202,273,22,57,1,-1,-1,-1
1003,97,288,213,15,44,1,-1,-1,-1
1003,106,347,211,17,48,1,-1,-1,-1
1003,110,317,188,16,49,1,-1,-1,-1
1003,112,84,211,16,48,1,-1,-1,-1
1003,117,160,393,26,65,1,-1,-1,-1
1004,95,200,274,23,56,1,-1,-1,-1
1004,97,287,213,16,47,1,-1,-1,-1
1004,106,346,211,17,48,1,-1,-1,-1
1004,110,316,188,16,49,1,-1,-1,-1
1004,112,82,211,16,48,1,-1,-1,-1
1004,117,160,394,25,64,1,-1,-1,-1
1005,95,200,274,22,56,1,-1,-1,-1
1005,97,286,213,16,48,1,-1,-1,-1
1005,106,344,211,18,50,1,-1,-1,-1
1005,110,316,188,15,49,1,-1,-1,-1
1005,112,81,211,15,48,1,-1,-1,-1
1005,117,161,394,25,65,1,-1,-1,-1
1006,106,343,211,18,51,1,-1,-1,-1
1006,110,313,188,15,49,1,-1,-1,-1
1006,112,79,211,16,48,1,-1,-1,-1
1007,95,195,273,23,58,1,-1,-1,-1
1007,106,342,212,18,50,1,-1,-1,-1
1007,110,311,188,16,50,1,-1,-1,-1
1007,112,77,212,16,49,1,-1,-1,-1
1007,116,410,199,16,50,1,-1,-1,-1
1008,95,194,273,23,58,1,-1,-1,-1
1008,97,282,213,16,49,1,-1,-1,-1
1008,106,341,212,18,51,1,-1,-1,-1
1008,110,310,188,16,50,1,-1,-1,-1
1008,112,76,212,17,49,1,-1,-1,-1
1008,116,409,200,17,49,1,-1,-1,-1
1009,95,194,273,23,58,1,-1,-1,-1
1009,97,281,214,16,47,1,-1,-1,-1
1009,106,340,212,19,51,1,-1,-1,-1
1009,110,309,188,17,54,1,-1,-1,-1
1009,112,76,212,16,50,1,-1,-1,-1
1009,116,409,200,17,48,1,-1,-1,-1
1010,95,193,274,23,57,1,-1,-1,-1
1010,97,280,214,16,48,1,-1,-1,-1
1010,106,340,212,18,51,1,-1,-1,-1
1010,110,308,188,17,55,1,-1,-1,-1
1010,112,75,212,16,50,1,-1,-1,-1
1010,116,409,200,17,48,1,-1,-1,-1
